         Index            Ts             t             f             F             x         Phase            F0            x0            Tr            G'            G"            G*     tan_delta            J'            J"            J*          Eta'          Eta"          Eta*
           [#]          [°C]           [s]          [Hz]           [N]          [µm]         [rad]           [N]          [µm]          [°C]         [MPa]         [MPa]         [MPa]            []       [1/MPa]       [1/MPa]       [1/MPa]        [MPas]        [MPas]        [MPas]
             0  -2.17524e+01   0.00000e+00   9.99999e-04   9.12318e-03   1.09733e-01  -2.89034e+00  -6.80083e-02  -1.39480e+00  -2.00000e+01  -3.14383e-01  -7.93044e-02   3.24231e-01   2.52254e-01  -2.99054e+00  -7.54378e-01   3.08422e+00  -1.26217e+01  -5.00356e+01   5.16030e+01
             1  -2.07647e+01   1.16547e+03   1.77000e-03   2.96855e-02   6.40276e-02  -1.92222e+00  -6.14928e-02  -1.75885e+00  -2.00000e+01  -6.31292e-01  -1.69318e+00   1.80703e+00   2.68208e+00  -1.93329e-01  -5.18524e-01   5.53393e-01  -1.52247e+02  -5.67646e+01   1.62485e+02
             2  -2.19540e+01   1.82643e+03   3.16000e-03   2.29206e-02   2.53520e-02  -2.79133e-01  -5.38313e-02  -1.99217e+00  -2.00000e+01   3.41009e+00  -9.88902e-01   3.55059e+00  -2.89993e-01   2.70499e-01  -7.84428e-02   2.81644e-01  -4.98066e+01   1.71751e+02   1.78827e+02
             3  -2.05973e+01   2.20096e+03   5.61999e-03   2.18621e-02   1.07721e-02   5.16160e-01  -5.37807e-02  -1.98619e+00  -2.00000e+01   6.95127e+00   4.00684e+00   8.02340e+00   5.76419e-01   1.07981e-01   6.22423e-02   1.24635e-01   1.13471e+02   1.96856e+02   2.27218e+02
             4  -2.00359e+01   2.41433e+03   9.99998e-03   2.01660e-02   7.08649e-03   1.46004e+00  -5.46224e-02  -1.95939e+00  -2.00000e+01   1.00368e+00   1.10824e+01   1.11277e+01   1.10417e+01   8.10555e-03   8.94993e-02   8.98656e-02   1.76382e+02   1.59741e+01   1.77104e+02
             5  -2.02583e+01   2.53642e+03   1.77800e-02   8.00795e-03   1.94759e-03   1.32542e+00  -5.42777e-02  -1.98141e+00  -2.00000e+01   3.46386e+00   1.57807e+01   1.61563e+01   4.55580e+00   1.32701e-02   6.04559e-02   6.18952e-02   1.41258e+02   3.10063e+01   1.44621e+02
             6  -2.06355e+01   2.60666e+03   3.16200e-02   1.27557e-02   1.97964e-03   9.97349e-01  -5.43026e-02  -1.98035e+00  -2.00000e+01   1.30967e+01   2.22117e+01   2.57853e+01   1.69598e+00   1.96977e-02   3.34070e-02   3.87818e-02   1.11800e+02   6.59203e+01   1.29787e+02
             7  -2.09146e+01   2.64811e+03   5.62299e-02   1.43911e-02   1.58435e-03   5.79731e-01  -5.49926e-02  -1.95680e+00  -2.00000e+01   3.05673e+01   2.17472e+01   3.75140e+01   7.11454e-01   2.17205e-02   1.54532e-02   2.66567e-02   6.15540e+01   8.65186e+01   1.06181e+02
             8  -2.14839e+01   2.72565e+03   9.99999e-02   4.99785e+00   4.25726e-01   2.64809e-01  -5.62804e-02  -1.91185e+00  -2.00000e+01   4.78807e+01   1.42557e+01   4.99579e+01   2.97733e-01   1.91846e-02   5.71190e-03   2.00169e-02   2.26887e+01   7.62047e+01   7.95106e+01
             9  -2.18387e+01   2.77891e+03   1.77820e-01   4.99698e+00   3.48874e-01   1.42946e-01  -5.73724e-02  -1.86973e+00  -2.00000e+01   6.15936e+01   9.91560e+00   6.23866e+01   1.60984e-01   1.58253e-02   2.54763e-03   1.60291e-02   8.87481e+00   5.51285e+01   5.58382e+01
            10  -2.18992e+01   2.79183e+03   3.16220e-01   4.99832e+00   3.04941e-01   1.38183e-01  -5.78706e-02  -1.84844e+00  -2.00000e+01   7.17257e+01   1.13485e+01   7.26179e+01   1.58220e-01   1.36015e-02   2.15204e-03   1.37707e-02   5.71174e+00   3.60999e+01   3.65490e+01
            11  -2.19463e+01   2.80378e+03   5.62339e-01   4.99976e+00   2.83417e-01   1.44669e-01  -5.78612e-02  -1.84297e+00  -2.00000e+01   7.78723e+01   1.30416e+01   7.89568e+01   1.67474e-01   1.24912e-02   2.09195e-03   1.26651e-02   3.69107e+00   2.20397e+01   2.23466e+01
            12  -2.19786e+01   2.81249e+03   9.99999e-01   4.99756e+00   2.70857e-01   1.52876e-01  -5.75464e-02  -1.84665e+00  -2.00000e+01   8.18340e+01   1.45878e+01   8.31241e+01   1.78261e-01   1.18435e-02   2.11123e-03   1.20302e-02   2.32172e+00   1.30243e+01   1.32296e+01
            13  -2.20067e+01   2.82149e+03   1.77828e+00   5.00148e+00   2.62107e-01   1.57633e-01  -5.71750e-02  -1.85712e+00  -2.00000e+01   8.49736e+01   1.56932e+01   8.64106e+01   1.84683e-01   1.13802e-02   2.10173e-03   1.15727e-02   1.40453e+00   7.60509e+00   7.73370e+00
            14  -2.20303e+01   2.82950e+03   3.16228e+00   4.99884e+00   2.55023e-01   1.57071e-01  -5.66610e-02  -1.86920e+00  -2.00000e+01   8.76769e+01   1.61662e+01   8.91548e+01   1.84384e-01   1.10305e-02   2.03385e-03   1.12164e-02   8.13632e-01   4.41271e+00   4.48709e+00
            15  -2.20509e+01   2.83740e+03   5.62341e+00   4.99908e+00   2.47626e-01   1.52456e-01  -5.60678e-02  -1.88034e+00  -2.00000e+01   9.08505e+01   1.62556e+01   9.22933e+01   1.78927e-01   1.06656e-02   1.90837e-03   1.08350e-02   4.60070e-01   2.57127e+00   2.61210e+00
            16  -2.20699e+01   2.84494e+03   1.00000e+01   4.98801e+00   2.38473e-01   1.49424e-01  -5.55476e-02  -1.89079e+00  -2.00000e+01   9.47883e+01   1.65807e+01   9.62275e+01   1.74923e-01   1.02366e-02   1.79062e-03   1.03920e-02   2.63889e-01   1.50860e+00   1.53151e+00
            17  -2.20868e+01   2.85227e+03   1.77828e+01   4.98746e+00   2.29420e-01   1.48223e-01  -5.54116e-02  -1.90082e+00  -2.00000e+01   9.92642e+01   1.70840e+01   1.00724e+02   1.72107e-01   9.78431e-03   1.68395e-03   9.92816e-03   1.52901e-01   8.88409e-01   9.01470e-01
            18  -2.21015e+01   2.85950e+03   3.16228e+01   4.99472e+00   2.20438e-01   1.54042e-01  -5.54408e-02  -1.91029e+00  -2.00000e+01   1.04178e+02   1.83336e+01   1.05779e+02   1.75984e-01   9.31064e-03   1.63852e-03   9.45371e-03   9.22716e-02   5.24318e-01   5.32375e-01
            19  -2.21144e+01   2.86662e+03   5.62341e+01   5.00398e+00   2.11857e-01   1.58967e-01  -5.54586e-02  -1.91938e+00  -2.00000e+01   1.09431e+02   1.91696e+01   1.11098e+02   1.75175e-01   8.86609e-03   1.55312e-03   9.00110e-03   5.42543e-02   3.09714e-01   3.14430e-01
            20  -2.21264e+01   2.87372e+03   1.00000e+02   5.00068e+00   2.02964e-01   1.67115e-01  -5.54699e-02  -1.92823e+00  -2.00000e+01   1.14918e+02   1.97439e+01   1.16602e+02   1.71809e-01   8.45237e-03   1.45219e-03   8.57621e-03   3.14234e-02   1.82897e-01   1.85577e-01
            21  -2.21363e+01   2.88081e+03   1.77828e+02   4.98646e+00   1.93730e-01   1.84861e-01  -5.54747e-02  -1.93647e+00  -2.00000e+01   1.20164e+02   2.02602e+01   1.21860e+02   1.68605e-01   8.09194e-03   1.36434e-03   8.20615e-03   1.81327e-02   1.07546e-01   1.09064e-01
            22  -2.21456e+01   2.88787e+03   3.16228e+02   4.99781e+00   1.86175e-01   2.03684e-01  -5.54745e-02  -1.94351e+00  -2.00000e+01   1.23266e+02   1.78942e+01   1.24558e+02   1.45167e-01   7.94508e-03   1.15336e-03   8.02836e-03   9.00600e-03   6.20390e-02   6.26893e-02
            23  -2.21538e+01   2.89485e+03   5.62341e+02   5.00090e+00   1.62950e-01   2.55639e-01  -5.54711e-02  -1.94871e+00  -2.00000e+01   1.31701e+02   1.69040e+01   1.32782e+02   1.28351e-01   7.46989e-03   9.58770e-04   7.53117e-03   4.78421e-03   3.72743e-02   3.75801e-02
£]6[JJA01-02
