         Index            Ts             t             f             F             x         Phase            F0            x0            Tr            G'            G"            G*     tan_delta            J'            J"            J*          Eta'          Eta"          Eta*
           [#]          [°C]           [s]          [Hz]           [N]          [µm]         [rad]           [N]          [µm]          [°C]         [MPa]         [MPa]         [MPa]            []       [1/MPa]       [1/MPa]       [1/MPa]        [MPas]        [MPas]        [MPas]
             0  -6.23661e+01   0.00000e+00   9.99999e-04   7.69088e-02   4.49325e-01  -3.00246e+00  -8.26978e-02  -8.70039e+00  -6.00000e+01  -6.61014e-01  -8.97568e-02   6.67080e-01   1.35787e-01  -1.48544e+00  -2.01703e-01   1.49907e+00  -1.42853e+01  -1.05204e+02   1.06169e+02
             1  -6.26691e+01   1.16541e+03   1.77000e-03   2.00989e-02   1.39152e-01  -6.89537e-01  -8.65106e-02  -8.94848e+00  -6.00000e+01   4.34157e-01  -3.60135e-01   5.64083e-01  -8.29504e-01   1.36446e+00  -1.13183e+00   1.77279e+00  -3.23827e+01   3.90386e+01   5.07213e+01
             2  -5.97813e+01   1.82635e+03   3.16000e-03   2.67863e-02   1.10091e-01   1.67995e-01  -8.89300e-02  -9.03774e+00  -6.00000e+01   9.37873e-01   1.58123e-01   9.51109e-01   1.68597e-01   1.03677e+00   1.74797e-01   1.05140e+00   7.96394e+00   4.72365e+01   4.79031e+01
             3  -6.27795e+01   2.20093e+03   5.61999e-03   2.30481e-02   5.11889e-02  -1.74453e-01  -8.51573e-02  -9.15894e+00  -6.00000e+01   1.73556e+00  -3.08195e-01   1.76271e+00  -1.77577e-01   5.58570e-01  -9.91890e-02   5.67309e-01  -8.72789e+00   4.91500e+01   4.99189e+01
             4  -6.21605e+01   2.41427e+03   9.99998e-03   2.46791e-02   3.59465e-02  -3.00094e-01  -8.28117e-02  -9.29874e+00  -6.00000e+01   2.57017e+00  -8.00677e-01   2.69200e+00  -3.11527e-01   3.54659e-01  -1.10486e-01   3.71471e-01  -1.27432e+01   4.09057e+01   4.28446e+01
             5  -6.14359e+01   2.53635e+03   1.77800e-02   1.55072e-02   1.42998e-02   1.02801e+00  -8.21141e-02  -9.39956e+00  -6.00000e+01   2.17056e+00   3.65280e+00   4.24903e+00   1.68288e+00   1.20224e-01   2.02323e-01   2.35348e-01   3.26975e+01   1.94295e+01   3.80346e+01
             6  -6.07599e+01   2.60659e+03   3.16200e-02   1.41799e-02   7.90621e-03   5.09317e-01  -8.10297e-02  -9.48531e+00  -6.00000e+01   6.15922e+00   3.49133e+00   7.07993e+00   5.66846e-01   1.22876e-01   6.96519e-02   1.41244e-01   1.75731e+01   3.10016e+01   3.56359e+01
             7  -6.02491e+01   2.64807e+03   5.62299e-02   1.26641e-02   4.44355e-03   2.38854e-01  -8.05855e-02  -9.51821e+00  -6.00000e+01   1.10163e+01   2.74060e+00   1.13521e+01   2.48776e-01   8.54838e-02   2.12663e-02   8.80893e-02   7.75708e+00   3.11810e+01   3.21314e+01
             8  -5.95155e+01   2.73084e+03   9.99999e-02   4.99643e+00   1.15385e+00   1.05945e-01  -7.99473e-02  -9.54115e+00  -6.00000e+01   1.73454e+01   1.90436e+00   1.74496e+01   1.09791e-01   5.69656e-02   6.25429e-03   5.73079e-02   3.03089e+00   2.76061e+01   2.77720e+01
             9  -5.97048e+01   2.78411e+03   1.77820e-01   4.99824e+00   8.21435e-01   8.42575e-02  -7.96154e-02  -9.56579e+00  -6.00000e+01   2.47550e+01   2.18716e+00   2.48514e+01   8.83525e-02   4.00831e-02   3.54144e-03   4.02392e-02   1.95759e+00   2.21566e+01   2.22429e+01
            10  -5.98184e+01   2.79702e+03   3.16220e-01   4.99825e+00   6.45538e-01   7.52445e-02  -8.03243e-02  -9.56551e+00  -6.00000e+01   3.19300e+01   2.54945e+00   3.20316e+01   7.98452e-02   3.11202e-02   2.48479e-03   3.12192e-02   1.28315e+00   1.60705e+01   1.61217e+01
            11  -5.99740e+01   2.80897e+03   5.62339e-01   4.99982e+00   5.57644e-01   1.37861e-01  -8.18694e-02  -9.53886e+00  -6.00000e+01   3.70233e+01   5.49636e+00   3.74291e+01   1.48457e-01   2.64275e-02   3.92334e-03   2.67172e-02   1.55560e+00   1.04785e+01   1.05933e+01
            12  -6.00896e+01   2.81767e+03   9.99999e-01   4.99683e+00   5.18110e-01   1.61922e-01  -8.36495e-02  -9.48944e+00  -6.00000e+01   3.98524e+01   7.00161e+00   4.04628e+01   1.75689e-01   2.43413e-02   4.27648e-03   2.47141e-02   1.11434e+00   6.34271e+00   6.43986e+00
            13  -6.02255e+01   2.82667e+03   1.77828e+00   4.99918e+00   5.02519e-01   1.59185e-01  -8.52073e-02  -9.42223e+00  -6.00000e+01   4.12271e+01   7.12582e+00   4.18384e+01   1.72843e-01   2.35523e-02   4.07085e-03   2.39015e-02   6.37757e-01   3.68980e+00   3.74451e+00
            14  -6.03609e+01   2.83468e+03   3.16228e+00   4.99811e+00   4.95873e-01   1.34925e-01  -8.61402e-02  -9.36024e+00  -6.00000e+01   4.20027e+01   6.12239e+00   4.24466e+01   1.45762e-01   2.33127e-02   3.39810e-03   2.35590e-02   3.08135e-01   2.11397e+00   2.13631e+00
            15  -6.05029e+01   2.84258e+03   5.62341e+00   4.99917e+00   4.89725e-01   1.26938e-01  -8.67804e-02  -9.30435e+00  -6.00000e+01   4.26413e+01   5.81480e+00   4.30359e+01   1.36366e-01   2.30233e-02   3.13959e-03   2.32364e-02   1.64572e-01   1.20684e+00   1.21801e+00
            16  -6.06470e+01   2.85012e+03   1.00000e+01   4.99260e+00   4.80613e-01   1.19679e-01  -8.73863e-02  -9.25074e+00  -6.00000e+01   4.35084e+01   5.53624e+00   4.38592e+01   1.27245e-01   2.26179e-02   2.87802e-03   2.28002e-02   8.81120e-02   6.92457e-01   6.98041e-01
            17  -6.07978e+01   2.85745e+03   1.77828e+01   4.98573e+00   4.69204e-01   1.14605e-01  -8.79685e-02  -9.20068e+00  -6.00000e+01   4.46301e+01   5.33524e+00   4.49479e+01   1.19544e-01   2.20907e-02   2.64080e-03   2.22480e-02   4.77501e-02   3.99437e-01   4.02281e-01
            18  -6.09480e+01   2.86469e+03   3.16228e+01   4.99415e+00   4.57037e-01   1.17177e-01  -8.85296e-02  -9.15544e+00  -6.00000e+01   4.59997e+01   5.44934e+00   4.63213e+01   1.18465e-01   2.14384e-02   2.53970e-03   2.15883e-02   2.74261e-02   2.31513e-01   2.33132e-01
            19  -6.10970e+01   2.87180e+03   5.62341e+01   4.99734e+00   4.44279e-01   1.20519e-01  -8.90129e-02  -9.11579e+00  -6.00000e+01   4.74528e+01   5.45556e+00   4.77653e+01   1.14968e-01   2.07987e-02   2.39119e-03   2.09357e-02   1.54404e-02   1.34302e-01   1.35186e-01
            20  -6.12543e+01   2.87892e+03   1.00000e+02   4.99614e+00   4.31294e-01   1.28327e-01  -8.93613e-02  -9.07851e+00  -6.00000e+01   4.88969e+01   5.40614e+00   4.91949e+01   1.10562e-01   2.02042e-02   2.23381e-03   2.03273e-02   8.60414e-03   7.78219e-02   7.82961e-02
            21  -6.14143e+01   2.88601e+03   1.77828e+02   4.99019e+00   4.17375e-01   1.45991e-01  -8.97590e-02  -9.04559e+00  -6.00000e+01   5.02145e+01   5.35625e+00   5.04994e+01   1.06667e-01   1.96905e-02   2.10033e-03   1.98022e-02   4.79381e-03   4.49417e-02   4.51966e-02
            22  -6.15704e+01   2.89306e+03   3.16228e+02   5.00062e+00   4.04830e-01   1.64240e-01  -9.05350e-02  -9.01853e+00  -6.00000e+01   5.07595e+01   4.31365e+00   5.09425e+01   8.49821e-02   1.95595e-02   1.66220e-03   1.96300e-02   2.17102e-03   2.55469e-02   2.56389e-02
            23  -6.17280e+01   2.90002e+03   5.62341e+02   5.01964e+00   3.55939e-01   2.12619e-01  -9.14380e-02  -8.99764e+00  -6.00000e+01   5.37002e+01   3.50137e+00   5.38142e+01   6.52022e-02   1.85431e-02   1.20905e-03   1.85825e-02   9.90964e-04   1.51983e-02   1.52306e-02
£]4[JJA01-02
