         Index            Ts             t             f             F             x         Phase            F0            x0            Tr            G'            G"            G*     tan_delta            J'            J"            J*          Eta'          Eta"          Eta*
           [#]          [°C]           [s]          [Hz]           [N]          [µm]         [rad]           [N]          [µm]          [°C]         [MPa]         [MPa]         [MPa]            []       [1/MPa]       [1/MPa]       [1/MPa]        [MPas]        [MPas]        [MPas]
             0   1.22204e+02   0.00000e+00   9.99999e-04   1.02842e-02   2.70556e+00   1.84653e+00   5.43994e-01  -7.15446e+01   1.20000e+02  -3.98147e-03   1.42881e-02   1.48325e-02  -3.58864e+00  -1.80975e+01   6.49454e+01   6.74197e+01   2.27402e+00  -6.33672e-01   2.36066e+00
             1   1.22167e+02   1.16541e+03   1.77000e-03   6.07628e-03   2.54502e+00   1.70969e+00   5.43665e-01  -7.15038e+01   1.20000e+02  -1.26913e-03   9.22956e-03   9.31641e-03  -7.27236e+00  -1.46221e+01   1.06337e+02   1.07337e+02   8.29906e-01  -1.14118e-01   8.37715e-01
             2   1.22185e+02   1.82635e+03   3.16000e-03   7.54128e-03   3.00394e+00   1.60457e+00   5.44621e-01  -7.16567e+01   1.20000e+02  -3.18562e-04   9.79101e-03   9.79619e-03  -3.07350e+01  -3.31956e+00   1.02026e+02   1.02080e+02   4.93130e-01  -1.60446e-02   4.93391e-01
             3   1.22169e+02   2.20088e+03   5.61999e-03   9.79294e-03   2.83177e+00   1.53785e+00   5.45007e-01  -7.17174e+01   1.20000e+02   4.53850e-04   1.34869e-02   1.34946e-02   2.97167e+01   2.49227e+00   7.40620e+01   7.41039e+01   3.81942e-01   1.28528e-02   3.82158e-01
             4   1.22170e+02   2.41421e+03   9.99998e-03   1.31971e-02   2.88924e+00   1.12557e+00   5.45301e-01  -7.17640e+01   1.20000e+02   7.68209e-03   1.60835e-02   1.78240e-02   2.09364e+00   2.41808e+01   5.06258e+01   5.61043e+01   2.55977e-01   1.22264e-01   2.83678e-01
             5   1.22175e+02   2.53630e+03   1.77800e-02   1.85805e-02   3.40129e+00   1.06523e+00   5.45632e-01  -7.18168e+01   1.20000e+02   1.03275e-02   1.86483e-02   2.13170e-02   1.80570e+00   2.27269e+01   4.10379e+01   4.69108e+01   1.66928e-01   9.24451e-02   1.90816e-01
             6   1.22172e+02   2.60664e+03   3.16200e-02   2.17460e-02   2.91981e+00   9.92653e-01   5.46034e-01  -7.18794e+01   1.20000e+02   1.58843e-02   2.43383e-02   2.90631e-02   1.53223e+00   1.88055e+01   2.88142e+01   3.44079e+01   1.22504e-01   7.99513e-02   1.46285e-01
             7   1.22171e+02   2.64819e+03   5.62299e-02   3.05177e-02   2.95745e+00   9.29335e-01   5.46336e-01  -7.19265e+01   1.20000e+02   2.40957e-02   3.22628e-02   4.02678e-02   1.33894e+00   1.48602e+01   1.98970e+01   2.48338e+01   9.13177e-02   6.82013e-02   1.13975e-01
             8   1.22170e+02   2.67292e+03   9.99999e-02   4.28966e-02   2.96531e+00   8.78163e-01   5.46477e-01  -7.19484e+01   1.20000e+02   3.60482e-02   4.34447e-02   5.64528e-02   1.20518e+00   1.13113e+01   1.36322e+01   1.77139e+01   6.91445e-02   5.73726e-02   8.98475e-02
             9   1.22171e+02   2.69123e+03   1.77820e-01   6.04310e-02   2.98259e+00   8.54047e-01   5.46570e-01  -7.19625e+01   1.20000e+02   5.19416e-02   5.96166e-02   7.90701e-02   1.14776e+00   8.30790e+00   9.53550e+00   1.26470e+01   5.33590e-02   4.64896e-02   7.07705e-02
            10   1.22170e+02   2.70415e+03   3.16220e-01   8.46636e-02   3.02275e+00   8.37949e-01   5.46726e-01  -7.19869e+01   1.20000e+02   7.31224e-02   8.12505e-02   1.09309e-01   1.11116e+00   6.11978e+00   6.80004e+00   9.14835e+00   4.08938e-02   3.68029e-02   5.50160e-02
            11   1.22170e+02   2.71613e+03   5.62339e-01   1.14626e-01   3.01785e+00   8.08539e-01   5.46903e-01  -7.20143e+01   1.20000e+02   1.02365e-01   1.07224e-01   1.48242e-01   1.04747e+00   4.65811e+00   4.87923e+00   6.74573e+00   3.03470e-02   2.89717e-02   4.19559e-02
            12   1.22169e+02   2.72488e+03   9.99999e-01   1.56103e-01   3.08506e+00   7.64399e-01   5.47093e-01  -7.20437e+01   1.20000e+02   1.42559e-01   1.36688e-01   1.97501e-01   9.58817e-01   3.65474e+00   3.50423e+00   5.06327e+00   2.17546e-02   2.26890e-02   3.14333e-02
            13   1.22168e+02   2.73391e+03   1.77828e+00   2.03307e-01   3.07812e+00   7.11122e-01   5.47250e-01  -7.20678e+01   1.20000e+02   1.95367e-01   1.68246e-01   2.57828e-01   8.61177e-01   2.93896e+00   2.53096e+00   3.87856e+00   1.50579e-02   1.74853e-02   2.30754e-02
            14   1.22168e+02   2.74227e+03   3.16228e+00   2.61187e-01   3.09177e+00   6.51480e-01   5.47364e-01  -7.20853e+01   1.20000e+02   2.62358e-01   1.99854e-01   3.29808e-01   7.61758e-01   2.41197e+00   1.83734e+00   3.03207e+00   1.00585e-02   1.32043e-02   1.65990e-02
            15   1.22169e+02   2.75000e+03   5.62341e+00   3.27572e-01   3.09323e+00   5.88649e-01   5.47478e-01  -7.21027e+01   1.20000e+02   3.44161e-01   2.29206e-01   4.13500e-01   6.65985e-01   2.01285e+00   1.34053e+00   2.41838e+00   6.48703e-03   9.74051e-03   1.17030e-02
            16   1.22168e+02   2.75752e+03   1.00000e+01   4.01467e-01   3.08563e+00   5.26077e-01   5.47600e-01  -7.21214e+01   1.20000e+02   4.39981e-01   2.54141e-01   5.08105e-01   5.77619e-01   1.70422e+00   9.84392e-01   1.96810e+00   4.04479e-03   7.00252e-03   8.08675e-03
            17   1.22168e+02   2.76482e+03   1.77828e+01   4.83195e-01   3.07614e+00   4.67605e-01   5.47748e-01  -7.21438e+01   1.20000e+02   5.48855e-01   2.74136e-01   6.13508e-01   4.99469e-01   1.45820e+00   7.28325e-01   1.62997e+00   2.45350e-03   4.91222e-03   5.49086e-03
            18   1.22171e+02   2.77197e+03   3.16228e+01   5.61697e-01   3.08292e+00   4.24943e-01   5.47953e-01  -7.21750e+01   1.20000e+02   6.50667e-01   2.88056e-01   7.11578e-01   4.42709e-01   1.28503e+00   5.68895e-01   1.40533e+00   1.44977e-03   3.27476e-03   3.58132e-03
            19   1.22169e+02   2.77901e+03   5.62341e+01   6.53449e-01   3.05571e+00   3.86334e-01   5.48255e-01  -7.22209e+01   1.20000e+02   7.77826e-01   3.02957e-01   8.34743e-01   3.89492e-01   1.11629e+00   4.34785e-01   1.19797e+00   8.57435e-04   2.20142e-03   2.36251e-03
            20   1.22170e+02   2.78613e+03   1.00000e+02   7.45623e-01   3.01218e+00   3.57838e-01   5.48585e-01  -7.22709e+01   1.20000e+02   9.11854e-01   3.13237e-01   9.64155e-01   3.43516e-01   9.80915e-01   3.36960e-01   1.03718e+00   4.98532e-04   1.45126e-03   1.53450e-03
            21   1.22171e+02   2.79322e+03   1.77828e+02   8.40576e-01   2.98323e+00   3.44508e-01   5.48948e-01  -7.23258e+01   1.20000e+02   1.04189e+00   3.17917e-01   1.08932e+00   3.05134e-01   8.78041e-01   2.67920e-01   9.18007e-01   2.84533e-04   9.32487e-04   9.74932e-04
            22   1.22172e+02   2.80043e+03   3.16228e+02   9.45747e-01   3.02600e+00   3.39508e-01   5.49478e-01  -7.24064e+01   1.20000e+02   1.14134e+00   2.95304e-01   1.17892e+00   2.58735e-01   8.21191e-01   2.12471e-01   8.48232e-01   1.48624e-04   5.74427e-04   5.93342e-04
            23   1.22170e+02   2.80779e+03   5.62341e+02   1.15949e+00   2.99291e+00   3.44247e-01   5.50252e-01  -7.25245e+01   1.20000e+02   1.32127e+00   2.55789e-01   1.34580e+00   1.93593e-01   7.29505e-01   1.41227e-01   7.43050e-01   7.23940e-05   3.73949e-04   3.80892e-04
£]13[JJA01-02
