         Index            Ts             t             f             F             x         Phase            F0            x0            Tr            G'            G"            G*     tan_delta            J'            J"            J*          Eta'          Eta"          Eta*
           [#]          [°C]           [s]          [Hz]           [N]          [µm]         [rad]           [N]          [µm]          [°C]         [MPa]         [MPa]         [MPa]            []       [1/MPa]       [1/MPa]       [1/MPa]        [MPas]        [MPas]        [MPas]
             0   1.43325e+02   0.00000e+00   9.99999e-04   2.00434e-03   2.88913e+00  -2.29641e+00   5.45137e-01  -6.91017e+01   1.40000e+02  -1.80452e-03  -2.01796e-03   2.70711e-03   1.11829e+00  -2.46234e+02  -2.75360e+02   3.69397e+02  -3.21169e-01  -2.87198e-01   4.30851e-01
             1   1.43322e+02   1.16541e+03   1.77000e-03   1.58641e-03   2.82126e+00  -2.55760e-01   5.46409e-01  -6.92985e+01   1.40000e+02   2.12156e-03  -5.59888e-04   2.19420e-03  -2.63904e-01   4.40661e+02  -1.16292e+02   4.55748e+02  -5.03441e-02   1.90767e-01   1.97298e-01
             2   1.43329e+02   1.82635e+03   3.16000e-03   1.96973e-03   2.93754e+00   8.65262e-01   5.47125e-01  -6.94104e+01   1.40000e+02   1.69918e-03   1.98974e-03   2.61654e-03   1.17100e+00   2.48191e+02   2.90631e+02   3.82184e+02   1.00214e-01   8.55803e-02   1.31783e-01
             3   1.43325e+02   2.20087e+03   5.61999e-03   2.68395e-03   2.87205e+00   7.43152e-01   5.47637e-01  -6.94898e+01   1.40000e+02   2.68689e-03   2.46543e-03   3.64660e-03   9.17580e-01   2.02056e+02   1.85403e+02   2.74228e+02   6.98196e-02   7.60911e-02   1.03270e-01
             4   1.43324e+02   2.41421e+03   9.99998e-03   3.48585e-03   2.89117e+00   8.42300e-01   5.48003e-01  -6.95495e+01   1.40000e+02   3.13361e-03   3.50937e-03   4.70480e-03   1.11991e+00   1.41567e+02   1.58543e+02   2.12549e+02   5.58535e-02   4.98730e-02   7.48794e-02
             5   1.43335e+02   2.53630e+03   1.77800e-02   4.45540e-03   2.83751e+00   1.38979e+00   5.48408e-01  -6.96141e+01   1.40000e+02   1.10432e-03   6.02673e-03   6.12707e-03   5.45739e+00   2.94165e+01   1.60537e+02   1.63210e+02   5.39474e-02   9.88520e-03   5.48456e-02
             6   1.43323e+02   2.60654e+03   3.16200e-02   6.29149e-03   2.86050e+00   1.25290e+00   5.48781e-01  -6.96733e+01   1.40000e+02   2.68366e-03   8.15220e-03   8.58256e-03   3.03772e+00   3.64328e+01   1.10673e+02   1.16515e+02   4.10331e-02   1.35078e-02   4.31992e-02
             7   1.43321e+02   2.64798e+03   5.62299e-02   9.01344e-03   2.84707e+00   1.16472e+00   5.48945e-01  -6.97003e+01   1.40000e+02   4.88053e-03   1.13489e-02   1.23538e-02   2.32533e+00   3.19792e+01   7.43621e+01   8.09468e+01   3.21221e-02   1.38140e-02   3.49665e-02
             8   1.43317e+02   2.67525e+03   9.99999e-02   1.33864e-02   2.89384e+00   1.11507e+00   5.49079e-01  -6.97224e+01   1.40000e+02   7.94515e-03   1.62084e-02   1.80509e-02   2.04003e+00   2.43839e+01   4.97439e+01   5.53988e+01   2.57964e-02   1.26451e-02   2.87290e-02
             9   1.43316e+02   2.69439e+03   1.77820e-01   1.91296e-02   2.82952e+00   1.04836e+00   5.49232e-01  -6.97471e+01   1.40000e+02   1.31651e-02   2.28623e-02   2.63819e-02   1.73658e+00   1.89152e+01   3.28478e+01   3.79047e+01   2.04626e-02   1.17833e-02   2.36128e-02
            10   1.43317e+02   2.70727e+03   3.16220e-01   3.24954e-02   3.28897e+00   1.00649e+00   5.49346e-01  -6.97661e+01   1.40000e+02   2.06215e-02   3.25768e-02   3.85551e-02   1.57975e+00   1.38726e+01   2.19151e+01   2.59369e+01   1.63961e-02   1.03789e-02   1.94050e-02
            11   1.43317e+02   2.71919e+03   5.62339e-01   4.29315e-02   2.99001e+00   9.71986e-01   5.49406e-01  -6.97759e+01   1.40000e+02   3.15863e-02   4.62802e-02   5.60317e-02   1.46520e+00   1.00608e+01   1.47410e+01   1.78470e+01   1.30984e-02   8.93965e-03   1.58583e-02
            12   1.43317e+02   2.72790e+03   9.99999e-01   7.42052e-02   3.63077e+00   9.38770e-01   5.49467e-01  -6.97847e+01   1.40000e+02   4.71300e-02   6.43442e-02   7.97585e-02   1.36525e+00   7.40872e+00   1.01148e+01   1.25378e+01   1.02407e-02   7.50098e-03   1.26940e-02
            13   1.43317e+02   2.73688e+03   1.77828e+00   8.72044e-02   3.05066e+00   9.01904e-01   5.49561e-01  -6.97983e+01   1.40000e+02   6.92084e-02   8.74964e-02   1.11559e-01   1.26425e+00   5.56095e+00   7.03041e+00   8.96387e+00   7.83088e-03   6.19411e-03   9.98448e-03
            14   1.43317e+02   2.74464e+03   3.16228e+00   1.17812e-01   2.99850e+00   8.53587e-01   5.49651e-01  -6.98111e+01   1.40000e+02   1.00867e-01   1.15501e-01   1.53345e-01   1.14509e+00   4.28953e+00   4.91188e+00   6.52125e+00   5.81309e-03   5.07655e-03   7.71773e-03
            15   1.43319e+02   2.75211e+03   5.62341e+00   1.63735e-01   3.09580e+00   7.96884e-01   5.49740e-01  -6.98237e+01   1.40000e+02   1.44474e-01   1.47456e-01   2.06436e-01   1.02064e+00   3.39014e+00   3.46011e+00   4.84411e+00   4.17332e-03   4.08893e-03   5.84260e-03
            16   1.43318e+02   2.75938e+03   1.00000e+01   2.16054e-01   3.09697e+00   7.32704e-01   5.49824e-01  -6.98354e+01   1.40000e+02   2.02873e-01   1.81661e-01   2.72321e-01   8.95441e-01   2.73567e+00   2.44964e+00   3.67214e+00   2.89123e-03   3.22883e-03   4.33412e-03
            17   1.43319e+02   2.76646e+03   1.77828e+01   2.80250e-01   3.09563e+00   6.65799e-01   5.49920e-01  -6.98491e+01   1.40000e+02   2.78907e-01   2.17047e-01   3.53410e-01   7.78204e-01   2.23307e+00   1.73779e+00   2.82958e+00   1.94255e-03   2.49620e-03   3.16300e-03
            18   1.43318e+02   2.77338e+03   3.16228e+01   3.49206e-01   3.11521e+00   6.06234e-01   5.50154e-01  -6.98841e+01   1.40000e+02   3.61633e-01   2.46339e-01   4.37563e-01   6.81185e-01   1.88881e+00   1.28663e+00   2.28539e+00   1.23980e-03   1.82007e-03   2.20222e-03
            19   1.43318e+02   2.78021e+03   5.62341e+01   4.33820e-01   3.08227e+00   5.52290e-01   5.50625e-01  -6.99554e+01   1.40000e+02   4.71710e-01   2.81048e-01   5.49089e-01   5.95806e-01   1.56455e+00   9.32170e-01   1.82120e+00   7.95426e-04   1.33504e-03   1.55404e-03
            20   1.43322e+02   2.78707e+03   1.00000e+02   5.26364e-01   3.02970e+00   5.07551e-01   5.51137e-01  -7.00328e+01   1.40000e+02   5.99688e-01   3.12661e-01   6.76301e-01   5.21373e-01   1.31113e+00   6.83588e-01   1.47863e+00   4.97616e-04   9.54433e-04   1.07637e-03
            21   1.43321e+02   2.79391e+03   1.77828e+02   6.32234e-01   3.02033e+00   4.77646e-01   5.51719e-01  -7.01211e+01   1.40000e+02   7.35391e-01   3.36673e-01   8.08794e-01   4.57815e-01   1.12420e+00   5.14673e-01   1.23641e+00   3.01320e-04   6.58170e-04   7.23866e-04
            22   1.43321e+02   2.80082e+03   3.16228e+02   7.39915e-01   3.05152e+00   4.60202e-01   5.52553e-01  -7.02483e+01   1.40000e+02   8.50955e-01   3.33927e-01   9.14129e-01   3.92414e-01   1.01834e+00   3.99610e-01   1.09394e+00   1.68063e-04   4.28279e-04   4.60074e-04
            23   1.43321e+02   2.80777e+03   5.62341e+02   9.40269e-01   2.97012e+00   4.39183e-01   5.53763e-01  -7.04338e+01   1.40000e+02   1.05445e+00   3.10379e-01   1.09918e+00   2.94351e-01   8.72743e-01   2.56893e-01   9.09766e-01   8.78441e-05   2.98433e-04   3.11093e-04
£]14[JJA01-02
