         Index            Ts             t             f             F             x         Phase            F0            x0            Tr            G'            G"            G*     tan_delta            J'            J"            J*          Eta'          Eta"          Eta*
           [#]          [°C]           [s]          [Hz]           [N]          [µm]         [rad]           [N]          [µm]          [°C]         [MPa]         [MPa]         [MPa]            []       [1/MPa]       [1/MPa]       [1/MPa]        [MPas]        [MPas]        [MPas]
             0   1.92682e+01   0.00000e+00   9.99999e-04   1.98336e-02   1.14227e-02   5.49971e-01  -3.55758e-02   5.12129e+00   2.00000e+01   5.83018e+00   3.59600e+00   6.84998e+00   6.16790e-01   1.24252e-01   7.66375e-02   1.45986e-01   5.72322e+02   9.27903e+02   1.09021e+03
             1   1.94317e+01   1.16541e+03   1.77000e-03   2.10717e-02   1.97226e-02   2.89088e-01  -3.60190e-02   5.20691e+00   2.00000e+01   4.02643e+00   1.19745e+00   4.20072e+00   2.97397e-01   2.28178e-01   6.78594e-02   2.38054e-01   1.07673e+02   3.62050e+02   3.77721e+02
             2   1.95017e+01   1.82635e+03   3.16000e-03   1.95687e-02   2.28990e-02   1.15416e-01  -3.89082e-02   5.24874e+00   2.00000e+01   3.33347e+00   3.84611e-01   3.35559e+00   1.15378e-01   2.96046e-01   3.41573e-02   2.98010e-01   1.93711e+01   1.67892e+02   1.69006e+02
             3   1.94584e+01   2.20093e+03   5.61999e-03   1.93832e-02   2.25174e-02   9.96591e-02  -4.02793e-02   5.26416e+00   2.00000e+01   3.36356e+00   3.36038e-01   3.38030e+00   9.99056e-02   2.94366e-01   2.94088e-02   2.95832e-01   9.51641e+00   9.52540e+01   9.57282e+01
             4   1.94493e+01   2.41426e+03   9.99998e-03   1.68569e-02   1.83693e-02   8.60095e-02  -4.09734e-02   5.28027e+00   2.00000e+01   3.59172e+00   3.10331e-01   3.60510e+00   8.64017e-02   2.76355e-01   2.38776e-02   2.77385e-01   4.93907e+00   5.71641e+01   5.73770e+01
             5   1.94974e+01   2.53635e+03   1.77800e-02   1.77706e-02   2.01605e-02   7.50802e-02  -4.17047e-02   5.29894e+00   2.00000e+01   3.45212e+00   2.60569e-01   3.46194e+00   7.54811e-02   2.88036e-01   2.17413e-02   2.88856e-01   2.33245e+00   3.09011e+01   3.09890e+01
             6   1.95283e+01   2.60659e+03   3.16200e-02   1.74785e-02   1.88995e-02   1.69642e-01  -4.23910e-02   5.30876e+00   2.00000e+01   3.58033e+00   6.17026e-01   3.63311e+00   1.72338e-01   2.71248e-01   4.67463e-02   2.75246e-01   3.10572e+00   1.80211e+01   1.82868e+01
             7   1.95394e+01   2.64804e+03   5.62299e-02   1.77491e-02   1.76911e-02   2.50670e-01  -4.29439e-02   5.31246e+00   2.00000e+01   3.81815e+00   9.84807e-01   3.94311e+00   2.57928e-01   2.45570e-01   6.33393e-02   2.53607e-01   2.78743e+00   1.08070e+01   1.11607e+01
             8   1.95563e+01   2.72831e+03   9.99999e-02   3.30806e+00   2.97250e+00   3.07712e-01  -4.30892e-02   5.31530e+00   2.00000e+01   4.16796e+00   1.33576e+00   4.37677e+00   3.20484e-01   2.17578e-01   6.97303e-02   2.28479e-01   2.12594e+00   6.63352e+00   6.96586e+00
             9   1.95621e+01   2.78157e+03   1.77820e-01   3.72915e+00   2.96785e+00   3.52697e-01  -4.29740e-02   5.31573e+00   2.00000e+01   4.63611e+00   1.72309e+00   4.94597e+00   3.71666e-01   1.89519e-01   7.04376e-02   2.02185e-01   1.54222e+00   4.14949e+00   4.42681e+00
            10   1.95619e+01   2.79447e+03   3.16220e-01   4.40576e+00   3.06410e+00   3.82102e-01  -4.28246e-02   5.31538e+00   2.00000e+01   5.24942e+00   2.13319e+00   5.66630e+00   4.06366e-01   1.63498e-01   6.64401e-02   1.76482e-01   1.07364e+00   2.64206e+00   2.85188e+00
            11   1.95619e+01   2.80641e+03   5.62339e-01   4.85861e+00   2.93067e+00   4.05265e-01  -4.27143e-02   5.31714e+00   2.00000e+01   6.00025e+00   2.60762e+00   6.54238e+00   4.34585e-01   1.40184e-01   6.09219e-02   1.52850e-01   7.38016e-01   1.69821e+00   1.85164e+00
            12   1.95617e+01   2.81511e+03   9.99999e-01   5.05300e+00   2.62424e+00   4.26585e-01  -4.26337e-02   5.31866e+00   2.00000e+01   6.91156e+00   3.18851e+00   7.61159e+00   4.61331e-01   1.19296e-01   5.50349e-02   1.31379e-01   5.07469e-01   1.10001e+00   1.21142e+00
            13   1.95614e+01   2.82412e+03   1.77828e+00   5.03799e+00   2.23698e+00   4.44828e-01  -4.25688e-02   5.31695e+00   2.00000e+01   8.02711e+00   3.89301e+00   8.92133e+00   4.84983e-01   1.00856e-01   4.89133e-02   1.12091e-01   3.48423e-01   7.18423e-01   7.98454e-01
            14   1.95620e+01   2.83212e+03   3.16228e+00   5.02310e+00   1.89580e+00   4.58819e-01  -4.25311e-02   5.31558e+00   2.00000e+01   9.39721e+00   4.73466e+00   1.05226e+01   5.03837e-01   8.48702e-02   4.27607e-02   9.50338e-02   2.38292e-01   4.72954e-01   5.29593e-01
            15   1.95610e+01   2.84002e+03   5.62341e+00   4.99953e+00   1.59659e+00   4.66947e-01  -4.25176e-02   5.31680e+00   2.00000e+01   1.10885e+01   5.71579e+00   1.24750e+01   5.15470e-01   7.12514e-02   3.67279e-02   8.01605e-02   1.61769e-01   3.13829e-01   3.53069e-01
            16   1.95604e+01   2.84756e+03   1.00000e+01   4.98205e+00   1.34170e+00   4.69800e-01  -4.25168e-02   5.31947e+00   2.00000e+01   1.31743e+01   6.85270e+00   1.48499e+01   5.20158e-01   5.97416e-02   3.10751e-02   6.73404e-02   1.09064e-01   2.09675e-01   2.36344e-01
            17   1.95600e+01   2.85489e+03   1.77828e+01   4.97733e+00   1.12637e+00   4.68304e-01  -4.25044e-02   5.32011e+00   2.00000e+01   1.57624e+01   8.17328e+00   1.77555e+01   5.18529e-01   4.99987e-02   2.59258e-02   5.63207e-02   7.31504e-02   1.41073e-01   1.58910e-01
            18   1.95584e+01   2.86212e+03   3.16228e+01   4.99313e+00   9.51547e-01   4.64926e-01  -4.24965e-02   5.32131e+00   2.00000e+01   1.88642e+01   9.67307e+00   2.11997e+01   5.12775e-01   4.19740e-02   2.15232e-02   4.71706e-02   4.86838e-02   9.49419e-02   1.06696e-01
            19   1.95583e+01   2.86923e+03   5.62341e+01   5.00536e+00   8.02791e-01   4.63966e-01  -4.24981e-02   5.32396e+00   2.00000e+01   2.26044e+01   1.14591e+01   2.53430e+01   5.06940e-01   3.51946e-02   1.78415e-02   3.94586e-02   3.24317e-02   6.39754e-02   7.17263e-02
            20   1.95569e+01   2.87634e+03   1.00000e+02   4.99883e+00   6.75956e-01   4.65324e-01  -4.24899e-02   5.32488e+00   2.00000e+01   2.70617e+01   1.34730e+01   3.02301e+01   4.97861e-01   2.96126e-02   1.47430e-02   3.30797e-02   2.14429e-02   4.30700e-02   4.81126e-02
            21   1.95576e+01   2.88344e+03   1.77828e+02   4.98507e+00   5.71448e-01   4.74220e-01  -4.24786e-02   5.32525e+00   2.00000e+01   3.21073e+01   1.56301e+01   3.57097e+01   4.86809e-01   2.51786e-02   1.22572e-02   2.80036e-02   1.39889e-02   2.87359e-02   3.19600e-02
            22   1.95571e+01   2.89048e+03   3.16228e+02   4.99519e+00   4.96121e-01   4.84611e-01  -4.24703e-02   5.32615e+00   2.00000e+01   3.69041e+01   1.68059e+01   4.05507e+01   4.55395e-01   2.24429e-02   1.02204e-02   2.46605e-02   8.45830e-03   1.85736e-02   2.04088e-02
            23   1.95566e+01   2.89745e+03   5.62341e+02   4.98740e+00   3.78456e-01   5.21359e-01  -4.24616e-02   5.32692e+00   2.00000e+01   4.56781e+01   1.93928e+01   4.96242e+01   4.24553e-01   1.85490e-02   7.87503e-03   2.01514e-02   5.48858e-03   1.29279e-02   1.40447e-02
£]8[JJA01-02
