         Index            Ts             t             f             F             x         Phase            F0            x0            Tr            E'            E"            E*     tan_delta            D'            D"            D*          Eta'          Eta"          Eta*
           [#]          [°C]           [s]          [Hz]           [N]          [µm]         [rad]           [N]          [µm]          [°C]         [MPa]         [MPa]         [MPa]            []       [1/MPa]       [1/MPa]       [1/MPa]        [MPas]        [MPas]        [MPas]
             0  -5.91320e-01   0.00000e+00   9.99999e-02   2.99789e+00   2.21212e+00   1.59665e-02   5.87857e+00   2.85796e+01   0.00000e+00   2.93911e+03   5.45177e+01   2.93962e+03   1.85491e-02   3.40122e-04   6.30894e-06   3.40180e-04   8.67678e+01   4.67775e+03   4.67855e+03
             1  -8.79091e-01   7.55312e+01   1.12200e-01   2.99679e+00   2.20756e+00   1.57344e-02   5.88491e+00   2.78492e+01   0.00000e+00   2.94495e+03   5.38480e+01   2.94544e+03   1.82849e-02   3.39451e-04   6.20683e-06   3.39508e-04   7.63832e+01   4.17739e+03   4.17809e+03
             2  -9.95886e-01   9.80692e+01   1.25890e-01   2.99797e+00   2.20572e+00   1.56980e-02   5.88765e+00   2.74044e+01   0.00000e+00   2.94916e+03   5.38123e+01   2.94965e+03   1.82466e-02   3.38967e-04   6.18500e-06   3.39023e-04   6.80317e+01   3.72845e+03   3.72907e+03
             3  -1.12019e+00   1.20054e+02   1.41250e-01   2.99950e+00   2.20442e+00   1.55245e-02   5.88935e+00   2.70837e+01   0.00000e+00   2.95297e+03   5.32919e+01   2.95345e+03   1.80469e-02   3.38532e-04   6.10946e-06   3.38587e-04   6.00473e+01   3.32729e+03   3.32783e+03
             4  -1.23470e+00   1.39655e+02   1.58480e-01   3.00025e+00   2.20211e+00   1.56661e-02   5.89085e+00   2.68025e+01   0.00000e+00   2.95744e+03   5.38690e+01   2.95793e+03   1.82147e-02   3.38018e-04   6.15691e-06   3.38074e-04   5.40985e+01   2.97004e+03   2.97053e+03
             5  -1.34016e+00   1.57120e+02   1.77820e-01   2.99988e+00   2.19914e+00   1.57673e-02   5.89258e+00   2.65056e+01   0.00000e+00   2.96166e+03   5.42995e+01   2.96216e+03   1.83341e-02   3.37535e-04   6.18841e-06   3.37592e-04   4.85999e+01   2.65079e+03   2.65124e+03
             6  -1.43623e+00   1.72973e+02   1.99520e-01   3.00020e+00   2.19698e+00   1.57324e-02   5.89387e+00   2.62539e+01   0.00000e+00   2.96544e+03   5.42472e+01   2.96594e+03   1.82931e-02   3.37105e-04   6.16671e-06   3.37162e-04   4.32725e+01   2.36550e+03   2.36590e+03
             7  -1.53925e+00   1.89536e+02   2.23870e-01   2.99974e+00   2.19421e+00   1.58084e-02   5.89488e+00   2.60407e+01   0.00000e+00   2.96927e+03   5.45774e+01   2.96978e+03   1.83807e-02   3.36669e-04   6.18822e-06   3.36726e-04   3.88005e+01   2.11094e+03   2.11129e+03
             8  -1.61818e+00   2.02364e+02   2.51180e-01   2.99974e+00   2.19175e+00   1.58971e-02   5.89599e+00   2.58463e+01   0.00000e+00   2.97316e+03   5.49502e+01   2.97367e+03   1.84821e-02   3.36228e-04   6.21419e-06   3.36285e-04   3.48181e+01   1.88388e+03   1.88421e+03
             9  -1.70656e+00   2.16124e+02   2.81830e-01   2.99831e+00   2.18816e+00   1.60922e-02   5.89745e+00   2.56657e+01   0.00000e+00   2.97718e+03   5.56933e+01   2.97770e+03   1.87067e-02   3.35770e-04   6.28116e-06   3.35829e-04   3.14512e+01   1.68128e+03   1.68157e+03
            10  -1.77193e+00   2.26437e+02   3.16220e-01   2.99888e+00   2.18600e+00   1.63372e-02   5.89907e+00   2.54935e+01   0.00000e+00   2.98127e+03   5.66101e+01   2.98181e+03   1.89886e-02   3.35307e-04   6.36700e-06   3.35367e-04   2.84921e+01   1.50049e+03   1.50076e+03
            11  -1.85663e+00   2.40070e+02   3.54809e-01   3.00388e+00   2.18702e+00   1.64353e-02   5.90068e+00   2.53270e+01   0.00000e+00   2.98545e+03   5.70141e+01   2.98599e+03   1.90974e-02   3.34836e-04   6.39449e-06   3.34897e-04   2.55745e+01   1.33916e+03   1.33941e+03
            12  -1.93007e+00   2.50972e+02   3.98099e-01   2.99733e+00   2.17960e+00   1.65612e-02   5.90228e+00   2.51642e+01   0.00000e+00   2.98969e+03   5.75131e+01   2.99024e+03   1.92372e-02   3.34359e-04   6.43212e-06   3.34421e-04   2.29930e+01   1.19524e+03   1.19546e+03
            13  -2.00901e+00   2.63076e+02   4.46679e-01   2.99985e+00   2.17875e+00   1.66745e-02   5.90388e+00   2.50026e+01   0.00000e+00   2.99398e+03   5.79651e+01   2.99454e+03   1.93606e-02   3.33879e-04   6.46409e-06   3.33942e-04   2.06534e+01   1.06677e+03   1.06697e+03
            14  -2.10940e+00   2.77699e+02   5.01179e-01   3.00068e+00   2.17665e+00   1.68934e-02   5.90549e+00   2.48418e+01   0.00000e+00   2.99831e+03   5.87847e+01   2.99889e+03   1.96059e-02   3.33393e-04   6.53647e-06   3.33457e-04   1.86677e+01   9.52147e+02   9.52330e+02
            15  -2.20771e+00   2.93003e+02   5.62339e-01   3.00139e+00   2.17438e+00   1.70826e-02   5.90710e+00   2.46829e+01   0.00000e+00   3.00280e+03   5.94992e+01   3.00339e+03   1.98146e-02   3.32892e-04   6.59610e-06   3.32957e-04   1.68396e+01   8.49862e+02   8.50029e+02
            16  -2.30102e+00   3.06942e+02   6.30949e-01   3.00125e+00   2.17143e+00   1.73097e-02   5.90869e+00   2.45271e+01   0.00000e+00   3.00737e+03   6.03442e+01   3.00798e+03   2.00654e-02   3.32382e-04   6.66939e-06   3.32449e-04   1.52216e+01   7.58601e+02   7.58754e+02
            17  -2.39313e+00   3.20730e+02   7.07939e-01   3.00167e+00   2.16890e+00   1.75611e-02   5.91020e+00   2.43711e+01   0.00000e+00   3.01197e+03   6.12704e+01   3.01259e+03   2.03423e-02   3.31872e-04   6.75104e-06   3.31940e-04   1.37745e+01   6.77134e+02   6.77274e+02
            18  -2.48718e+00   3.34931e+02   7.94319e-01   3.00123e+00   2.16575e+00   1.78422e-02   5.91133e+00   2.42152e+01   0.00000e+00   3.01655e+03   6.22957e+01   3.01720e+03   2.06513e-02   3.31363e-04   6.84306e-06   3.31433e-04   1.24820e+01   6.04417e+02   6.04546e+02
            19  -2.57753e+00   3.47892e+02   8.91249e-01   3.00068e+00   2.16254e+00   1.81463e-02   5.91227e+00   2.40648e+01   0.00000e+00   3.02111e+03   6.33954e+01   3.02178e+03   2.09841e-02   3.30858e-04   6.94277e-06   3.30931e-04   1.13209e+01   5.39496e+02   5.39615e+02
            20  -2.63425e+00   3.56652e+02   9.99999e-01   2.99797e+00   2.15779e+00   1.84915e-02   5.91319e+00   2.39211e+01   0.00000e+00   3.02567e+03   6.46334e+01   3.02636e+03   2.13617e-02   3.30354e-04   7.05691e-06   3.30429e-04   1.02867e+01   4.81552e+02   4.81662e+02
            21  -2.71541e+00   3.69238e+02   1.12202e+00   3.00052e+00   2.15681e+00   1.88275e-02   5.91408e+00   2.37848e+01   0.00000e+00   3.03029e+03   6.58318e+01   3.03101e+03   2.17246e-02   3.29846e-04   7.16576e-06   3.29924e-04   9.33804e+00   4.29838e+02   4.29939e+02
            22  -2.80122e+00   3.81620e+02   1.25892e+00   3.00192e+00   2.15492e+00   1.91654e-02   5.91495e+00   2.36548e+01   0.00000e+00   3.03502e+03   6.70306e+01   3.03576e+03   2.20857e-02   3.29326e-04   7.27341e-06   3.29407e-04   8.47414e+00   3.83693e+02   3.83787e+02
            23  -2.87782e+00   3.93676e+02   1.41253e+00   3.00200e+00   2.15202e+00   1.94710e-02   5.91581e+00   2.35298e+01   0.00000e+00   3.03989e+03   6.81062e+01   3.04065e+03   2.24042e-02   3.28795e-04   7.36638e-06   3.28877e-04   7.67379e+00   3.42516e+02   3.42602e+02
            24  -2.94241e+00   4.05351e+02   1.58489e+00   3.00169e+00   2.14879e+00   1.97806e-02   5.91666e+00   2.34086e+01   0.00000e+00   3.04485e+03   6.91852e+01   3.04564e+03   2.27220e-02   3.28253e-04   7.45857e-06   3.28338e-04   6.94760e+00   3.05765e+02   3.05844e+02
            25  -3.01400e+00   4.17046e+02   1.77828e+00   3.00144e+00   2.14555e+00   2.00796e-02   5.91750e+00   2.32905e+01   0.00000e+00   3.04991e+03   7.02131e+01   3.05072e+03   2.30214e-02   3.27705e-04   7.54422e-06   3.27792e-04   6.28404e+00   2.72965e+02   2.73038e+02
            26  -3.07904e+00   4.28422e+02   1.99526e+00   3.00190e+00   2.14279e+00   2.04102e-02   5.91832e+00   2.31793e+01   0.00000e+00   3.05505e+03   7.13388e+01   3.05588e+03   2.33511e-02   3.27149e-04   7.63928e-06   3.27238e-04   5.69046e+00   2.43691e+02   2.43757e+02
            27  -3.13761e+00   4.39303e+02   2.23872e+00   3.00211e+00   2.13979e+00   2.07602e-02   5.91911e+00   2.30746e+01   0.00000e+00   3.06029e+03   7.25168e+01   3.06115e+03   2.36960e-02   3.26583e-04   7.73872e-06   3.26675e-04   5.15537e+00   2.17562e+02   2.17623e+02
            28  -3.19686e+00   4.50108e+02   2.51189e+00   3.00037e+00   2.13534e+00   2.11491e-02   5.91987e+00   2.29758e+01   0.00000e+00   3.06565e+03   7.38148e+01   3.06653e+03   2.40781e-02   3.26006e-04   7.84961e-06   3.26101e-04   4.67696e+00   1.94242e+02   1.94298e+02
            29  -3.25403e+00   4.61015e+02   2.81838e+00   3.00076e+00   2.13235e+00   2.15426e-02   5.92061e+00   2.28822e+01   0.00000e+00   3.07113e+03   7.51074e+01   3.07205e+03   2.44560e-02   3.25418e-04   7.95842e-06   3.25516e-04   4.24135e+00   1.73428e+02   1.73480e+02
            30  -3.30577e+00   4.71763e+02   3.16228e+00   3.00241e+00   2.13021e+00   2.19539e-02   5.92133e+00   2.27940e+01   0.00000e+00   3.07672e+03   7.64379e+01   3.07767e+03   2.48439e-02   3.24821e-04   8.06983e-06   3.24921e-04   3.84706e+00   1.54849e+02   1.54897e+02
            31  -3.35837e+00   4.82213e+02   3.54812e+00   2.99970e+00   2.12492e+00   2.23572e-02   5.92203e+00   2.27108e+01   0.00000e+00   3.08240e+03   7.77083e+01   3.08337e+03   2.52104e-02   3.24217e-04   8.17363e-06   3.24320e-04   3.48569e+00   1.38264e+02   1.38308e+02
            32  -3.40494e+00   4.92523e+02   3.98106e+00   3.00048e+00   2.12208e+00   2.27345e-02   5.92271e+00   2.26323e+01   0.00000e+00   3.08815e+03   7.88484e+01   3.08916e+03   2.55326e-02   3.23608e-04   8.26253e-06   3.23713e-04   3.15220e+00   1.23458e+02   1.23498e+02
            33  -3.44566e+00   5.02745e+02   4.46683e+00   3.00045e+00   2.11864e+00   2.31039e-02   5.92337e+00   2.25584e+01   0.00000e+00   3.09398e+03   7.99177e+01   3.09501e+03   2.58301e-02   3.22993e-04   8.34292e-06   3.23100e-04   2.84750e+00   1.10240e+02   1.10276e+02
            34  -3.48583e+00   5.12914e+02   5.01186e+00   3.00123e+00   2.11573e+00   2.35019e-02   5.92400e+00   2.24894e+01   0.00000e+00   3.09988e+03   8.10425e+01   3.10094e+03   2.61437e-02   3.22372e-04   8.42801e-06   3.22483e-04   2.57356e+00   9.84388e+01   9.84725e+01
            35  -3.52087e+00   5.23041e+02   5.62341e+00   2.99822e+00   2.11011e+00   2.39356e-02   5.92461e+00   2.24256e+01   0.00000e+00   3.10589e+03   8.22439e+01   3.10697e+03   2.64800e-02   3.21744e-04   8.51978e-06   3.21857e-04   2.32768e+00   8.79034e+01   8.79342e+01
            36  -3.55486e+00   5.33125e+02   6.30957e+00   3.00062e+00   2.10827e+00   2.43979e-02   5.92520e+00   2.23669e+01   0.00000e+00   3.11196e+03   8.34881e+01   3.11308e+03   2.68281e-02   3.21109e-04   8.61476e-06   3.21225e-04   2.10594e+00   7.84974e+01   7.85256e+01
            37  -3.58728e+00   5.43026e+02   7.07945e+00   2.99991e+00   2.10422e+00   2.48999e-02   5.92575e+00   2.23137e+01   0.00000e+00   3.11810e+03   8.48068e+01   3.11925e+03   2.71983e-02   3.20471e-04   8.71626e-06   3.20590e-04   1.90656e+00   7.00988e+01   7.01247e+01
            38  -3.61628e+00   5.52875e+02   7.94328e+00   2.99816e+00   2.09943e+00   2.54629e-02   5.92628e+00   2.22651e+01   0.00000e+00   3.12427e+03   8.62694e+01   3.12547e+03   2.76126e-02   3.19830e-04   8.83135e-06   3.19952e-04   1.72853e+00   6.25993e+01   6.26232e+01
            39  -3.64329e+00   5.62745e+02   8.91251e+00   2.99939e+00   2.09669e+00   2.60814e-02   5.92680e+00   2.22210e+01   0.00000e+00   3.13051e+03   8.78465e+01   3.13175e+03   2.80614e-02   3.19185e-04   8.95677e-06   3.19311e-04   1.56872e+00   5.59031e+01   5.59251e+01
            40  -3.66168e+00   5.72557e+02   1.00000e+01   2.99729e+00   2.09159e+00   2.67381e-02   5.92728e+00   2.21820e+01   0.00000e+00   3.13685e+03   8.94641e+01   3.13813e+03   2.85204e-02   3.18532e-04   9.08464e-06   3.18661e-04   1.42387e+00   4.99246e+01   4.99449e+01
            41  -3.67782e+00   5.82315e+02   1.12202e+01   2.99511e+00   2.08635e+00   2.74262e-02   5.92773e+00   2.21496e+01   0.00000e+00   3.14334e+03   9.10856e+01   3.14466e+03   2.89773e-02   3.17866e-04   9.21089e-06   3.17999e-04   1.29202e+00   4.45874e+01   4.46061e+01
            42  -3.69580e+00   5.93716e+02   1.25893e+01   2.99891e+00   2.08517e+00   2.81485e-02   5.92815e+00   2.21228e+01   0.00000e+00   3.15005e+03   9.27085e+01   3.15141e+03   2.94308e-02   3.17181e-04   9.33490e-06   3.17318e-04   1.17203e+00   3.98233e+01   3.98405e+01
            43  -3.70742e+00   6.05233e+02   1.41254e+01   2.99877e+00   2.08111e+00   2.88954e-02   5.92853e+00   2.21008e+01   0.00000e+00   3.15702e+03   9.42820e+01   3.15843e+03   2.98642e-02   3.16472e-04   9.45120e-06   3.16613e-04   1.06230e+00   3.55711e+01   3.55870e+01
            44  -3.71573e+00   6.14976e+02   1.58489e+01   3.00223e+00   2.07938e+00   2.97099e-02   5.92889e+00   2.20835e+01   0.00000e+00   3.16431e+03   9.59496e+01   3.16576e+03   3.03224e-02   3.15734e-04   9.57384e-06   3.15880e-04   9.63526e-01   3.17760e+01   3.17906e+01
            45  -3.71837e+00   6.24690e+02   1.77828e+01   2.99906e+00   2.07291e+00   3.05820e-02   5.92921e+00   2.20701e+01   0.00000e+00   3.17187e+03   9.76512e+01   3.17337e+03   3.07866e-02   3.14973e-04   9.69696e-06   3.15122e-04   8.73973e-01   2.83881e+01   2.84015e+01
            46  -3.72295e+00   6.34450e+02   1.99526e+01   2.99333e+00   2.06469e+00   3.15557e-02   5.92951e+00   2.20607e+01   0.00000e+00   3.17940e+03   9.95180e+01   3.18096e+03   3.13008e-02   3.14216e-04   9.83523e-06   3.14370e-04   7.93820e-01   2.53610e+01   2.53734e+01
            47  -3.72359e+00   6.44171e+02   2.23872e+01   3.00572e+00   2.06917e+00   3.26025e-02   5.92977e+00   2.20552e+01   0.00000e+00   3.18658e+03   1.01404e+02   3.18820e+03   3.18221e-02   3.13498e-04   9.97618e-06   3.13657e-04   7.20900e-01   2.26540e+01   2.26655e+01
            48  -3.72041e+00   6.53817e+02   2.51189e+01   2.99548e+00   2.05833e+00   3.35769e-02   5.93001e+00   2.20531e+01   0.00000e+00   3.19329e+03   1.02725e+02   3.19494e+03   3.21689e-02   3.12833e-04   1.00635e-05   3.12995e-04   6.50870e-01   2.02329e+01   2.02434e+01
            49  -3.72202e+00   6.63459e+02   2.81838e+01   2.99810e+00   2.05672e+00   3.43338e-02   5.93023e+00   2.20531e+01   0.00000e+00   3.19934e+03   1.02885e+02   3.20099e+03   3.21581e-02   3.12242e-04   1.00411e-05   3.12403e-04   5.80993e-01   1.80668e+01   1.80761e+01
            50  -3.71497e+00   6.73090e+02   3.16228e+01   2.98700e+00   2.04605e+00   3.50416e-02   5.93044e+00   2.20553e+01   0.00000e+00   3.20473e+03   1.02476e+02   3.20636e+03   3.19765e-02   3.11720e-04   9.96773e-06   3.11880e-04   5.15753e-01   1.61291e+01   1.61374e+01
            51  -3.72198e+00   6.82706e+02   3.54813e+01   2.98317e+00   2.04040e+00   3.57083e-02   5.93062e+00   2.20601e+01   0.00000e+00   3.21002e+03   1.01504e+02   3.21163e+03   3.16209e-02   3.11213e-04   9.84082e-06   3.11368e-04   4.55305e-01   1.43989e+01   1.44061e+01
            52  -3.73276e+00   6.92286e+02   3.98107e+01   2.98759e+00   2.04028e+00   3.64887e-02   5.93079e+00   2.20683e+01   0.00000e+00   3.21547e+03   1.00513e+02   3.21704e+03   3.12592e-02   3.10693e-04   9.71199e-06   3.10845e-04   4.01830e-01   1.28548e+01   1.28611e+01
            53  -3.72539e+00   7.01844e+02   4.46684e+01   2.99259e+00   2.04062e+00   3.79904e-02   5.93094e+00   2.20807e+01   0.00000e+00   3.22061e+03   1.01748e+02   3.22222e+03   3.15928e-02   3.10191e-04   9.79980e-06   3.10345e-04   3.62532e-01   1.14751e+01   1.14809e+01
            54  -3.71548e+00   7.11404e+02   5.01187e+01   3.00638e+00   2.04676e+00   4.03065e-02   5.93107e+00   2.20984e+01   0.00000e+00   3.22585e+03   1.05530e+02   3.22757e+03   3.27140e-02   3.09665e-04   1.01304e-05   3.09830e-04   3.35117e-01   1.02439e+01   1.02493e+01
            55  -3.69432e+00   7.20958e+02   5.62341e+01   3.00845e+00   2.04420e+00   4.38417e-02   5.93118e+00   2.21193e+01   0.00000e+00   3.23206e+03   1.13390e+02   3.23404e+03   3.50830e-02   3.09020e-04   1.08413e-05   3.09210e-04   3.20919e-01   9.14743e+00   9.15306e+00
            56  -3.66694e+00   7.34768e+02   6.30957e+01   2.99919e+00   2.03407e+00   4.63036e-02   5.93129e+00   2.21415e+01   0.00000e+00   3.23803e+03   1.16434e+02   3.24012e+03   3.59583e-02   3.08431e-04   1.10906e-05   3.08630e-04   2.93698e-01   8.16773e+00   8.17301e+00
            57  -3.63787e+00   7.48979e+02   7.07946e+01   2.99957e+00   2.02993e+00   4.92058e-02   5.93138e+00   2.21674e+01   0.00000e+00   3.24476e+03   1.20405e+02   3.24700e+03   3.71075e-02   3.07765e-04   1.14204e-05   3.07977e-04   2.70685e-01   7.29463e+00   7.29965e+00
            58  -3.60574e+00   7.63170e+02   7.94328e+01   2.99845e+00   2.02405e+00   5.24650e-02   5.93145e+00   2.21986e+01   0.00000e+00   3.25252e+03   1.24904e+02   3.25492e+03   3.84021e-02   3.07001e-04   1.17895e-05   3.07227e-04   2.50263e-01   6.51689e+00   6.52169e+00
            59  -3.56780e+00   7.77327e+02   8.91251e+01   2.99386e+00   2.01615e+00   5.51770e-02   5.93147e+00   2.22315e+01   0.00000e+00   3.25938e+03   1.26243e+02   3.26183e+03   3.87322e-02   3.06347e-04   1.18655e-05   3.06577e-04   2.25439e-01   5.82044e+00   5.82480e+00
]1[JAL03-01_Freq0.1-100_
