         Index            Ts             t             f             F             x         Phase            F0            x0            Tr            E'            E"            E*     tan_delta            D'            D"            D*          Eta'          Eta"          Eta*
           [#]          [°C]           [s]          [Hz]           [N]          [µm]         [rad]           [N]          [µm]          [°C]         [MPa]         [MPa]         [MPa]            []       [1/MPa]       [1/MPa]       [1/MPa]        [MPas]        [MPas]        [MPas]
             0   2.83505e+01   0.00000e+00   9.99999e-02   2.87041e+00   2.29887e+00   1.30977e-02   5.61880e+00   5.70489e+01   3.00000e+01   2.67314e+03   4.01120e+01   2.67344e+03   1.50056e-02   3.74008e-04   5.61219e-06   3.74050e-04   6.38403e+01   4.25444e+03   4.25492e+03
             1   2.81901e+01   7.34170e+01   1.12200e-01   2.88390e+00   2.30681e+00   1.30917e-02   5.62383e+00   5.66406e+01   3.00000e+01   2.67695e+03   4.01621e+01   2.67725e+03   1.50029e-02   3.73475e-04   5.60322e-06   3.73517e-04   5.69698e+01   3.79724e+03   3.79767e+03
             2   2.81308e+01   9.59229e+01   1.25890e-01   2.88563e+00   2.30554e+00   1.30397e-02   5.62566e+00   5.64098e+01   3.00000e+01   2.68051e+03   4.00634e+01   2.68081e+03   1.49462e-02   3.72980e-04   5.57464e-06   3.73022e-04   5.06498e+01   3.38880e+03   3.38918e+03
             3   2.80720e+01   1.17896e+02   1.41250e-01   2.87698e+00   2.29619e+00   1.30626e-02   5.62661e+00   5.62555e+01   3.00000e+01   2.68379e+03   4.01883e+01   2.68409e+03   1.49745e-02   3.72524e-04   5.57835e-06   3.72566e-04   4.52827e+01   3.02399e+03   3.02433e+03
             4   2.80197e+01   1.37487e+02   1.58480e-01   2.88545e+00   2.30077e+00   1.29547e-02   5.62742e+00   5.61245e+01   3.00000e+01   2.68672e+03   3.99001e+01   2.68702e+03   1.48508e-02   3.72119e-04   5.52628e-06   3.72160e-04   4.00700e+01   2.69817e+03   2.69846e+03
             5   2.79740e+01   1.54942e+02   1.77820e-01   2.88662e+00   2.29917e+00   1.29321e-02   5.62845e+00   5.59815e+01   3.00000e+01   2.69013e+03   3.98808e+01   2.69043e+03   1.48248e-02   3.71647e-04   5.50961e-06   3.71688e-04   3.56947e+01   2.40776e+03   2.40803e+03
             6   2.79285e+01   1.70784e+02   1.99520e-01   2.89241e+00   2.30163e+00   1.28399e-02   5.62911e+00   5.58650e+01   3.00000e+01   2.69304e+03   3.96337e+01   2.69333e+03   1.47171e-02   3.71248e-04   5.46368e-06   3.71288e-04   3.16154e+01   2.14821e+03   2.14844e+03
             7   2.78923e+01   1.85137e+02   2.23870e-01   2.89205e+00   2.29938e+00   1.27615e-02   5.62955e+00   5.57704e+01   3.00000e+01   2.69569e+03   3.94219e+01   2.69598e+03   1.46241e-02   3.70883e-04   5.42382e-06   3.70923e-04   2.80261e+01   1.91644e+03   1.91664e+03
             8   2.78551e+01   1.98019e+02   2.51180e-01   2.89169e+00   2.29687e+00   1.26583e-02   5.62997e+00   5.56855e+01   3.00000e+01   2.69871e+03   3.91355e+01   2.69899e+03   1.45016e-02   3.70470e-04   5.37240e-06   3.70509e-04   2.47974e+01   1.70998e+03   1.71016e+03
             9   2.78213e+01   2.09570e+02   2.81830e-01   2.90122e+00   2.30228e+00   1.26121e-02   5.63038e+00   5.56073e+01   3.00000e+01   2.70163e+03   3.90209e+01   2.70191e+03   1.44435e-02   3.70070e-04   5.34509e-06   3.70108e-04   2.20359e+01   1.52567e+03   1.52582e+03
            10   2.77900e+01   2.19938e+02   3.16220e-01   2.89806e+00   2.29760e+00   1.26109e-02   5.63078e+00   5.55333e+01   3.00000e+01   2.70457e+03   3.90427e+01   2.70485e+03   1.44358e-02   3.69668e-04   5.33647e-06   3.69706e-04   1.96504e+01   1.36122e+03   1.36137e+03
            11   2.77608e+01   2.31361e+02   3.54809e-01   2.90315e+00   2.29943e+00   1.26338e-02   5.63119e+00   5.54617e+01   3.00000e+01   2.70756e+03   3.91370e+01   2.70784e+03   1.44547e-02   3.69259e-04   5.33754e-06   3.69298e-04   1.75555e+01   1.21451e+03   1.21464e+03
            12   2.77260e+01   2.42317e+02   3.98099e-01   2.90513e+00   2.29877e+00   1.27077e-02   5.63160e+00   5.53925e+01   3.00000e+01   2.71059e+03   3.93875e+01   2.71087e+03   1.45310e-02   3.68846e-04   5.35970e-06   3.68885e-04   1.57466e+01   1.08366e+03   1.08377e+03
            13   2.76981e+01   2.52155e+02   4.46679e-01   2.91040e+00   2.30068e+00   1.27446e-02   5.63202e+00   5.53242e+01   3.00000e+01   2.71366e+03   3.95186e+01   2.71395e+03   1.45628e-02   3.68428e-04   5.36535e-06   3.68467e-04   1.40807e+01   9.66896e+02   9.66998e+02
            14   2.76622e+01   2.64658e+02   5.01179e-01   2.91385e+00   2.30111e+00   1.28120e-02   5.63245e+00   5.52568e+01   3.00000e+01   2.71677e+03   3.97412e+01   2.71706e+03   1.46281e-02   3.68005e-04   5.38320e-06   3.68044e-04   1.26202e+01   8.62741e+02   8.62833e+02
            15   2.76206e+01   2.77834e+02   5.62339e-01   2.91889e+00   2.30279e+00   1.28247e-02   5.63289e+00   5.51897e+01   3.00000e+01   2.71991e+03   3.97872e+01   2.72020e+03   1.46282e-02   3.67581e-04   5.37703e-06   3.67621e-04   1.12607e+01   7.69796e+02   7.69878e+02
            16   2.75844e+01   2.89644e+02   6.30949e-01   2.92286e+00   2.30365e+00   1.28606e-02   5.63334e+00   5.51245e+01   3.00000e+01   2.72301e+03   3.98995e+01   2.72330e+03   1.46527e-02   3.67161e-04   5.37990e-06   3.67201e-04   1.00645e+01   6.86872e+02   6.86945e+02
            17   2.75523e+01   3.00247e+02   7.07939e-01   2.92407e+00   2.30235e+00   1.28744e-02   5.63379e+00   5.50601e+01   3.00000e+01   2.72608e+03   3.99351e+01   2.72637e+03   1.46493e-02   3.66748e-04   5.37259e-06   3.66788e-04   8.97798e+00   6.12863e+02   6.12928e+02
            18   2.75141e+01   3.11022e+02   7.94319e-01   2.92552e+00   2.30127e+00   1.29181e-02   5.63425e+00   5.49963e+01   3.00000e+01   2.72912e+03   4.00565e+01   2.72941e+03   1.46774e-02   3.66340e-04   5.37693e-06   3.66379e-04   8.02598e+00   5.46824e+02   5.46883e+02
            19   2.74807e+01   3.21540e+02   8.91249e-01   2.92928e+00   2.30202e+00   1.30421e-02   5.63471e+00   5.49336e+01   3.00000e+01   2.73213e+03   4.04222e+01   2.73243e+03   1.47951e-02   3.65934e-04   5.41404e-06   3.65974e-04   7.21841e+00   4.87891e+02   4.87945e+02
            20   2.74509e+01   3.30348e+02   9.99999e-01   2.91286e+00   2.28693e+00   1.31913e-02   5.63517e+00   5.48719e+01   3.00000e+01   2.73515e+03   4.08591e+01   2.73545e+03   1.49385e-02   3.65529e-04   5.46047e-06   3.65570e-04   6.50294e+00   4.35313e+02   4.35362e+02
            21   2.73963e+01   3.40788e+02   1.12202e+00   2.93309e+00   2.30059e+00   1.33436e-02   5.63564e+00   5.48103e+01   3.00000e+01   2.73819e+03   4.12961e+01   2.73850e+03   1.50815e-02   3.65122e-04   5.50661e-06   3.65164e-04   5.85773e+00   3.88404e+02   3.88448e+02
            22   2.73447e+01   3.50234e+02   1.25892e+00   2.93730e+00   2.30166e+00   1.34627e-02   5.63612e+00   5.47489e+01   3.00000e+01   2.74126e+03   4.16177e+01   2.74157e+03   1.51820e-02   3.64712e-04   5.53705e-06   3.64754e-04   5.26139e+00   3.46555e+02   3.46595e+02
            23   2.72949e+01   3.59441e+02   1.41253e+00   2.94227e+00   2.30330e+00   1.35591e-02   5.63660e+00   5.46873e+01   3.00000e+01   2.74435e+03   4.18546e+01   2.74467e+03   1.52512e-02   3.64301e-04   5.55602e-06   3.64343e-04   4.71592e+00   3.09216e+02   3.09252e+02
            24   2.72532e+01   3.68340e+02   1.58489e+00   2.94479e+00   2.30301e+00   1.36368e-02   5.63708e+00   5.46259e+01   3.00000e+01   2.74747e+03   4.20184e+01   2.74779e+03   1.52935e-02   3.63886e-04   5.56508e-06   3.63928e-04   4.21950e+00   2.75902e+02   2.75934e+02
            25   2.72159e+01   3.76911e+02   1.77828e+00   2.94364e+00   2.29981e+00   1.37130e-02   5.63758e+00   5.45622e+01   3.00000e+01   2.75064e+03   4.21612e+01   2.75097e+03   1.53278e-02   3.63466e-04   5.57112e-06   3.63509e-04   3.77341e+00   2.46181e+02   2.46210e+02
            26   2.71775e+01   3.85503e+02   1.99526e+00   2.94607e+00   2.29936e+00   1.38204e-02   5.63809e+00   5.44964e+01   3.00000e+01   2.75387e+03   4.23855e+01   2.75420e+03   1.53912e-02   3.63039e-04   5.58762e-06   3.63082e-04   3.38095e+00   2.19667e+02   2.19693e+02
            27   2.71424e+01   3.94242e+02   2.23872e+00   2.94958e+00   2.29974e+00   1.39468e-02   5.63863e+00   5.44292e+01   3.00000e+01   2.75714e+03   4.26503e+01   2.75747e+03   1.54691e-02   3.62608e-04   5.60920e-06   3.62651e-04   3.03210e+00   1.96011e+02   1.96034e+02
            28   2.71035e+01   4.02506e+02   2.51189e+00   2.95623e+00   2.30254e+00   1.40927e-02   5.63917e+00   5.43621e+01   3.00000e+01   2.76043e+03   4.29544e+01   2.76077e+03   1.55608e-02   3.62175e-04   5.63572e-06   3.62218e-04   2.72162e+00   1.74903e+02   1.74924e+02
            29   2.70450e+01   4.10651e+02   2.81838e+00   2.95741e+00   2.30107e+00   1.42055e-02   5.63970e+00   5.42982e+01   3.00000e+01   2.76375e+03   4.31267e+01   2.76409e+03   1.56044e-02   3.61739e-04   5.64472e-06   3.61783e-04   2.43538e+00   1.56070e+02   1.56089e+02
            30   2.69936e+01   4.18852e+02   3.16228e+00   2.96133e+00   2.30172e+00   1.43411e-02   5.64021e+00   5.42396e+01   3.00000e+01   2.76708e+03   4.33421e+01   2.76742e+03   1.56635e-02   3.61304e-04   5.65928e-06   3.61348e-04   2.18137e+00   1.39265e+02   1.39282e+02
            31   2.69426e+01   4.26878e+02   3.54812e+00   2.96452e+00   2.30180e+00   1.44613e-02   5.64069e+00   5.41867e+01   3.00000e+01   2.77040e+03   4.34749e+01   2.77074e+03   1.56926e-02   3.60869e-04   5.66298e-06   3.60914e-04   1.95011e+00   1.24269e+02   1.24285e+02
            32   2.69261e+01   4.34606e+02   3.98106e+00   2.96715e+00   2.30148e+00   1.46195e-02   5.64114e+00   5.41397e+01   3.00000e+01   2.77370e+03   4.36906e+01   2.77404e+03   1.57518e-02   3.60440e-04   5.67758e-06   3.60485e-04   1.74666e+00   1.10887e+02   1.10901e+02
            33   2.69544e+01   4.42400e+02   4.46683e+00   2.97042e+00   2.30168e+00   1.47622e-02   5.64156e+00   5.40981e+01   3.00000e+01   2.77694e+03   4.38134e+01   2.77729e+03   1.57776e-02   3.60019e-04   5.68023e-06   3.60064e-04   1.56109e+00   9.89434e+01   9.89557e+01
            34   2.69735e+01   4.50280e+02   5.01186e+00   2.97481e+00   2.30280e+00   1.49285e-02   5.64195e+00   5.40640e+01   3.00000e+01   2.78012e+03   4.39629e+01   2.78046e+03   1.58134e-02   3.59607e-04   5.68660e-06   3.59652e-04   1.39607e+00   8.82844e+01   8.82954e+01
            35   2.69731e+01   4.58042e+02   5.62341e+00   2.97785e+00   2.30292e+00   1.51051e-02   5.64229e+00   5.40383e+01   3.00000e+01   2.78323e+03   4.40908e+01   2.78358e+03   1.58416e-02   3.59205e-04   5.69038e-06   3.59250e-04   1.24787e+00   7.87715e+01   7.87813e+01
            36   2.69696e+01   4.65711e+02   6.30957e+00   2.97847e+00   2.30120e+00   1.53134e-02   5.64259e+00   5.40214e+01   3.00000e+01   2.78630e+03   4.42592e+01   2.78665e+03   1.58846e-02   3.58808e-04   5.69953e-06   3.58854e-04   1.11641e+00   7.02826e+01   7.02915e+01
            37   2.69662e+01   4.73292e+02   7.07945e+00   2.98028e+00   2.30041e+00   1.55718e-02   5.64285e+00   5.40119e+01   3.00000e+01   2.78935e+03   4.45211e+01   2.78970e+03   1.59611e-02   3.58415e-04   5.72071e-06   3.58461e-04   1.00089e+00   6.27081e+01   6.27160e+01
            38   2.69621e+01   4.80784e+02   7.94328e+00   2.98325e+00   2.30052e+00   1.58841e-02   5.64307e+00   5.40077e+01   3.00000e+01   2.79239e+03   4.48813e+01   2.79275e+03   1.60727e-02   3.58023e-04   5.75439e-06   3.58069e-04   8.99260e-01   5.59496e+01   5.59568e+01
            39   2.69594e+01   4.88175e+02   8.91251e+00   2.97840e+00   2.29460e+00   1.62389e-02   5.64327e+00   5.40074e+01   3.00000e+01   2.79544e+03   4.52934e+01   2.79581e+03   1.62026e-02   3.57631e-04   5.79455e-06   3.57678e-04   8.08826e-01   4.99196e+01   4.99261e+01
            40   2.69579e+01   4.95545e+02   1.00000e+01   2.98461e+00   2.29719e+00   1.66199e-02   5.64345e+00   5.40104e+01   3.00000e+01   2.79850e+03   4.56947e+01   2.79887e+03   1.63283e-02   3.57239e-04   5.83311e-06   3.57287e-04   7.27254e-01   4.45395e+01   4.45454e+01
            41   2.69581e+01   5.02894e+02   1.12202e+01   2.98475e+00   2.29506e+00   1.70219e-02   5.64361e+00   5.40158e+01   3.00000e+01   2.80163e+03   4.60576e+01   2.80201e+03   1.64396e-02   3.56839e-04   5.86629e-06   3.56887e-04   6.53314e-01   3.97403e+01   3.97456e+01
            42   2.69574e+01   5.10249e+02   1.25893e+01   2.99576e+00   2.30119e+00   1.74919e-02   5.64374e+00   5.40238e+01   3.00000e+01   2.80488e+03   4.65227e+01   2.80527e+03   1.65863e-02   3.56423e-04   5.91175e-06   3.56472e-04   5.88146e-01   3.54597e+01   3.54646e+01
            43   2.69574e+01   5.17505e+02   1.41254e+01   2.99103e+00   2.29502e+00   1.80127e-02   5.64385e+00   5.40332e+01   3.00000e+01   2.80842e+03   4.70223e+01   2.80881e+03   1.67433e-02   3.55972e-04   5.96016e-06   3.56022e-04   5.29815e-01   3.16434e+01   3.16478e+01
            44   2.69586e+01   5.24736e+02   1.58489e+01   2.99999e+00   2.29908e+00   1.86200e-02   5.64395e+00   5.40434e+01   3.00000e+01   2.81234e+03   4.76581e+01   2.81274e+03   1.69461e-02   3.55474e-04   6.02388e-06   3.55525e-04   4.78583e-01   2.82415e+01   2.82456e+01
            45   2.69618e+01   5.31931e+02   1.77828e+01   2.99725e+00   2.29400e+00   1.93191e-02   5.64403e+00   5.40544e+01   3.00000e+01   2.81647e+03   4.84262e+01   2.81689e+03   1.71939e-02   3.54949e-04   6.10298e-06   3.55002e-04   4.33412e-01   2.52072e+01   2.52110e+01
            46   2.69620e+01   5.39114e+02   1.99526e+01   2.99738e+00   2.29128e+00   2.01302e-02   5.64410e+00   5.40658e+01   3.00000e+01   2.82040e+03   4.93641e+01   2.82083e+03   1.75026e-02   3.54452e-04   6.20381e-06   3.54506e-04   3.93760e-01   2.24973e+01   2.25007e+01
            47   2.69620e+01   5.46218e+02   2.23872e+01   3.00304e+00   2.29313e+00   2.08766e-02   5.64417e+00   5.40771e+01   3.00000e+01   2.82379e+03   4.98629e+01   2.82423e+03   1.76582e-02   3.54024e-04   6.25142e-06   3.54079e-04   3.54485e-01   2.00748e+01   2.00780e+01
            48   2.69617e+01   5.53332e+02   2.51189e+01   2.99524e+00   2.28564e+00   2.13845e-02   5.64423e+00   5.40883e+01   3.00000e+01   2.82585e+03   4.93080e+01   2.82628e+03   1.74489e-02   3.53769e-04   6.17289e-06   3.53823e-04   3.12419e-01   1.79048e+01   1.79075e+01
            49   2.69619e+01   5.60424e+02   2.81838e+01   2.99569e+00   2.28547e+00   2.16003e-02   5.64429e+00   5.40991e+01   3.00000e+01   2.82643e+03   4.74891e+01   2.82683e+03   1.68018e-02   3.53703e-04   5.94284e-06   3.53753e-04   2.68172e-01   1.59609e+01   1.59632e+01
            50   2.69599e+01   5.67512e+02   3.16228e+01   2.99144e+00   2.28203e+00   2.14856e-02   5.64434e+00   5.41104e+01   3.00000e+01   2.82652e+03   4.42671e+01   2.82687e+03   1.56613e-02   3.53705e-04   5.53948e-06   3.53748e-04   2.22793e-01   1.42257e+01   1.42274e+01
            51   2.69591e+01   5.74580e+02   3.54813e+01   2.98288e+00   2.27512e+00   2.12880e-02   5.64439e+00   5.41217e+01   3.00000e+01   2.82684e+03   4.04288e+01   2.82713e+03   1.43018e-02   3.53680e-04   5.05826e-06   3.53716e-04   1.81347e-01   1.26800e+01   1.26813e+01
            52   2.69598e+01   5.81629e+02   3.98107e+01   2.97535e+00   2.26877e+00   2.17072e-02   5.64444e+00   5.41330e+01   3.00000e+01   2.82737e+03   3.82272e+01   2.82763e+03   1.35204e-02   3.53620e-04   4.78108e-06   3.53653e-04   1.52824e-01   1.13033e+01   1.13043e+01
            53   2.69607e+01   5.88656e+02   4.46684e+01   2.98005e+00   2.27165e+00   2.30782e-02   5.64448e+00   5.41444e+01   3.00000e+01   2.82789e+03   3.87097e+01   2.82816e+03   1.36885e-02   3.53554e-04   4.83964e-06   3.53587e-04   1.37924e-01   1.00759e+01   1.00768e+01
            54   2.69575e+01   5.95668e+02   5.01187e+01   3.01067e+00   2.29390e+00   2.55310e-02   5.64452e+00   5.41560e+01   3.00000e+01   2.82879e+03   4.22589e+01   2.82911e+03   1.49388e-02   3.53429e-04   5.27982e-06   3.53468e-04   1.34196e-01   8.98299e+00   8.98400e+00
            55   2.69599e+01   6.02668e+02   5.62341e+01   3.00001e+00   2.28339e+00   2.89761e-02   5.64456e+00   5.41677e+01   3.00000e+01   2.83135e+03   4.85509e+01   2.83177e+03   1.71476e-02   3.53085e-04   6.05456e-06   3.53137e-04   1.37410e-01   8.01334e+00   8.01452e+00
            56   2.69583e+01   6.11142e+02   6.30957e+01   3.00231e+00   2.28324e+00   3.13725e-02   5.64459e+00   5.41796e+01   3.00000e+01   2.83308e+03   5.07708e+01   2.83353e+03   1.79207e-02   3.52860e-04   6.32350e-06   3.52916e-04   1.28066e-01   7.14626e+00   7.14741e+00
            57   2.69576e+01   6.19603e+02   7.07946e+01   2.99026e+00   2.27040e+00   3.43153e-02   5.64462e+00   5.41912e+01   3.00000e+01   2.83711e+03   5.41475e+01   2.83763e+03   1.90854e-02   3.52342e-04   6.72460e-06   3.52407e-04   1.21730e-01   6.37818e+00   6.37935e+00
            58   2.69582e+01   6.28065e+02   7.94328e+01   2.99617e+00   2.26986e+00   3.77804e-02   5.64466e+00   5.42017e+01   3.00000e+01   2.84277e+03   5.85162e+01   2.84337e+03   2.05842e-02   3.51620e-04   7.23782e-06   3.51695e-04   1.17245e-01   5.69590e+00   5.69710e+00
            59   2.69592e+01   6.36507e+02   8.91251e+01   2.98854e+00   2.25962e+00   4.08171e-02   5.64469e+00   5.42100e+01   3.00000e+01   2.84731e+03   6.05814e+01   2.84796e+03   2.12767e-02   3.51049e-04   7.46917e-06   3.51129e-04   1.08183e-01   5.08458e+00   5.08573e+00
]7[JAL03-01_Freq0.1-100_
