         Index            Ts             t             f             F             x         Phase            F0            x0            Tr            G'            G"            G*     tan_delta            J'            J"            J*          Eta'          Eta"          Eta*
           [#]          [°C]           [s]          [Hz]           [N]          [µm]         [rad]           [N]          [µm]          [°C]         [MPa]         [MPa]         [MPa]            []       [1/MPa]       [1/MPa]       [1/MPa]        [MPas]        [MPas]        [MPas]
             0  -4.16652e+01   0.00000e+00   9.99999e-04   5.19685e-02   3.40284e-01  -1.29523e+00  -9.72288e-02  -5.70110e+00  -4.00000e+01   1.59280e-01  -5.74446e-01   5.96119e-01  -3.60651e+00   4.48224e-01  -1.61653e+00   1.67752e+00  -9.14260e+01   2.53502e+01   9.48755e+01
             1  -4.23279e+01   1.16618e+03   1.77000e-03   4.33590e-02   1.98606e-01  -1.33379e+00  -8.11699e-02  -5.70966e+00  -4.00000e+01   1.96930e-01  -8.29154e-01   8.52219e-01  -4.21039e+00   2.71150e-01  -1.14165e+00   1.17341e+00  -7.45560e+01   1.77076e+01   7.66300e+01
             2  -4.24208e+01   1.82717e+03   3.16000e-03   5.90838e-02   1.06337e-01  -1.36998e+00  -7.37363e-02  -5.72542e+00  -4.00000e+01   4.21597e-01  -2.12852e+00   2.16987e+00  -5.04872e+00   8.95423e-02  -4.52074e-01   4.60856e-01  -1.07204e+02   2.12339e+01   1.09287e+02
             3  -4.24155e+01   2.20173e+03   5.61999e-03   2.36101e-02   1.73006e-02  -1.49338e+00  -7.04151e-02  -5.67001e+00  -4.00000e+01   3.55144e-01  -5.31723e+00   5.32908e+00  -1.49720e+01   1.25055e-02  -1.87233e-01   1.87650e-01  -1.50581e+02   1.00575e+01   1.50916e+02
             4  -4.23562e+01   2.41507e+03   9.99998e-03   2.01105e-02   6.72568e-03  -8.27504e-01  -6.82519e-02  -5.67115e+00  -4.00000e+01   7.86598e+00  -8.85259e+00   1.18424e+01  -1.12543e+00   5.60886e-02  -6.31237e-02   8.44425e-02  -1.40894e+02   1.25191e+02   1.88478e+02
             5  -4.22491e+01   2.53715e+03   1.77800e-02   1.15700e-02   1.97452e-03  -3.36048e-01  -6.50002e-02  -5.66049e+00  -4.00000e+01   2.23781e+01  -8.19648e+00   2.38319e+01  -3.66272e-01   3.94007e-02  -1.44314e-02   4.19605e-02  -7.33696e+01   2.00314e+02   2.13328e+02
             6  -4.20478e+01   2.60741e+03   3.16200e-02   1.53402e-02   1.44839e-03  -2.32606e-01  -6.31079e-02  -5.64766e+00  -4.00000e+01   4.32946e+01  -1.11552e+01   4.47086e+01  -2.57658e-01   2.16596e-02  -5.58078e-03   2.23671e-02  -5.61482e+01   2.17918e+02   2.25035e+02
             7  -4.18745e+01   2.64886e+03   5.62299e-02   1.85003e-02   1.17323e-03  -2.23056e-02  -6.24088e-02  -5.64392e+00  -4.00000e+01   6.95772e+01  -1.76268e+00   6.95996e+01  -2.53341e-02   1.43633e-02  -3.63882e-04   1.43679e-02  -4.98914e+00   1.96934e+02   1.96997e+02
             8  -4.14194e+01   2.73325e+03   9.99999e-02   4.99653e+00   5.48847e-01   1.97571e-01  -6.24334e-02  -5.68781e+00  -4.00000e+01   3.71681e+01   7.98274e+00   3.80157e+01   2.14774e-01   2.57184e-02   5.52365e-03   2.63049e-02   1.27050e+01   5.91550e+01   6.05040e+01
             9  -4.10599e+01   2.78650e+03   1.77820e-01   5.00462e+00   5.44595e-01   1.89841e-01  -6.00018e-02  -5.81135e+00  -4.00000e+01   3.76124e+01   7.75847e+00   3.84043e+01   2.06274e-01   2.55019e-02   5.26038e-03   2.60388e-02   6.94411e+00   3.36645e+01   3.43732e+01
            10  -4.09503e+01   2.79942e+03   3.16220e-01   4.99706e+00   5.33704e-01   1.83393e-01  -5.87652e-02  -5.85209e+00  -4.00000e+01   3.84289e+01   7.66006e+00   3.91849e+01   1.99331e-01   2.50277e-02   4.98879e-03   2.55201e-02   3.85535e+00   1.93414e+01   1.97219e+01
            11  -4.08569e+01   2.81137e+03   5.62339e-01   4.99984e+00   5.22334e-01   1.78225e-01  -5.81081e-02  -5.87886e+00  -4.00000e+01   3.93949e+01   7.63594e+00   4.01281e+01   1.93831e-01   2.44648e-02   4.74204e-03   2.49202e-02   2.16115e+00   1.11497e+01   1.13572e+01
            12  -4.07900e+01   2.82007e+03   9.99999e-01   4.99872e+00   5.10104e-01   1.73405e-01  -5.76629e-02  -5.89811e+00  -4.00000e+01   4.04429e+01   7.63065e+00   4.11565e+01   1.88677e-01   2.38763e-02   4.50490e-03   2.42975e-02   1.21446e+00   6.43670e+00   6.55026e+00
            13  -4.07294e+01   2.82907e+03   1.77828e+00   4.99858e+00   4.99353e-01   1.68290e-01  -5.71170e-02  -5.91992e+00  -4.00000e+01   4.14253e+01   7.58317e+00   4.21136e+01   1.83057e-01   2.33572e-02   4.27569e-03   2.37453e-02   6.78690e-01   3.70754e+00   3.76915e+00
            14  -4.06805e+01   2.83708e+03   3.16228e+00   4.99938e+00   4.87940e-01   1.63772e-01  -5.67787e-02  -5.93690e+00  -4.00000e+01   4.25200e+01   7.56608e+00   4.31879e+01   1.77942e-01   2.27965e-02   4.05645e-03   2.31546e-02   3.80795e-01   2.14000e+00   2.17361e+00
            15  -4.06373e+01   2.84498e+03   5.62341e+00   4.99556e+00   4.76201e-01   1.58627e-01  -5.66424e-02  -5.94791e+00  -4.00000e+01   4.36671e+01   7.50195e+00   4.43069e+01   1.71799e-01   2.22440e-02   3.82149e-03   2.25699e-02   2.12322e-01   1.23588e+00   1.25398e+00
            16  -4.05985e+01   2.85252e+03   1.00000e+01   4.99356e+00   4.63542e-01   1.53406e-01  -5.66187e-02  -5.95483e+00  -4.00000e+01   4.49940e+01   7.42499e+00   4.56025e+01   1.65022e-01   2.16360e-02   3.57041e-03   2.19286e-02   1.18172e-01   7.16102e-01   7.25787e-01
            17  -4.05702e+01   2.85985e+03   1.77828e+01   4.98826e+00   4.49886e-01   1.49880e-01  -5.66871e-02  -5.95813e+00  -4.00000e+01   4.64690e+01   7.39384e+00   4.70535e+01   1.59114e-01   2.09884e-02   3.33953e-03   2.12524e-02   6.61744e-02   4.15894e-01   4.21126e-01
            18  -4.05465e+01   2.86707e+03   3.16228e+01   4.98544e+00   4.35011e-01   1.52008e-01  -5.68346e-02  -5.95864e+00  -4.00000e+01   4.81714e+01   7.59706e+00   4.87668e+01   1.57709e-01   2.02554e-02   3.19446e-03   2.05058e-02   3.82354e-02   2.42443e-01   2.45439e-01
            19  -4.05267e+01   2.87419e+03   5.62341e+01   5.00621e+00   4.23373e-01   1.56611e-01  -5.70390e-02  -5.95770e+00  -4.00000e+01   4.98204e+01   7.75835e+00   5.04209e+01   1.55726e-01   1.95969e-02   3.05175e-03   1.98330e-02   2.19579e-02   1.41003e-01   1.42702e-01
            20  -4.05174e+01   2.88131e+03   1.00000e+02   4.99604e+00   4.08994e-01   1.66552e-01  -5.72805e-02  -5.95552e+00  -4.00000e+01   5.15066e+01   7.92251e+00   5.21124e+01   1.53815e-01   1.89663e-02   2.91730e-03   1.91893e-02   1.26091e-02   8.19753e-02   8.29394e-02
            21  -4.05134e+01   2.88840e+03   1.77828e+02   4.99453e+00   3.94875e-01   1.84765e-01  -5.75677e-02  -5.95138e+00  -4.00000e+01   5.30916e+01   7.99786e+00   5.36906e+01   1.50643e-01   1.84174e-02   2.77445e-03   1.86252e-02   7.15803e-03   4.75166e-02   4.80528e-02
            22  -4.05149e+01   2.89545e+03   3.16228e+02   5.00653e+00   3.82467e-01   2.00626e-01  -5.78923e-02  -5.94588e+00  -4.00000e+01   5.38478e+01   6.78559e+00   5.42737e+01   1.26014e-01   1.82806e-02   2.30361e-03   1.84251e-02   3.41513e-03   2.71012e-02   2.73155e-02
            23  -4.05166e+01   2.90243e+03   5.62341e+02   5.03506e+00   3.40799e-01   2.49747e-01  -5.81983e-02  -5.94149e+00  -4.00000e+01   5.63105e+01   6.01992e+00   5.66313e+01   1.06906e-01   1.75580e-02   1.87706e-03   1.76581e-02   1.70377e-03   1.59371e-02   1.60279e-02
£]5[JJA01-02
