         Index            Ts             t             f             F             x         Phase            F0            x0            Tr            G'            G"            G*     tan_delta            J'            J"            J*          Eta'          Eta"          Eta*
           [#]          [°C]           [s]          [Hz]           [N]          [µm]         [rad]           [N]          [µm]          [°C]         [MPa]         [MPa]         [MPa]            []       [1/MPa]       [1/MPa]       [1/MPa]        [MPas]        [MPas]        [MPas]
             0  -7.32803e+01   0.00000e+00   9.99999e-04   4.31849e-02   4.03773e-01  -3.07846e+00  -7.75852e-02  -1.19772e+01  -8.00000e+01  -4.16293e-01  -2.46255e-02   4.17021e-01   5.91543e-02  -2.39378e+00  -1.41602e-01   2.39796e+00  -3.91928e+00  -6.62552e+01   6.63710e+01
             1  -7.56664e+01   1.16546e+03   1.77000e-03   5.14701e-02   1.91510e-01  -1.17426e+00  -8.83491e-02  -1.23698e+01  -8.00000e+01   4.01400e-01  -9.69738e-01   1.04953e+00  -2.41589e+00   3.64407e-01  -8.80369e-01   9.52807e-01  -8.71971e+01   3.60931e+01   9.43718e+01
             2  -7.76285e+01   1.82642e+03   3.16000e-03   1.29386e-02   1.92358e-02   6.38496e-01  -9.43651e-02  -1.24982e+01  -8.00000e+01   2.11336e+00   1.57410e+00   2.63516e+00   7.44830e-01   3.04340e-01   2.26682e-01   3.79483e-01   7.92803e+01   1.06441e+02   1.32721e+02
             3  -7.79549e+01   2.20095e+03   5.61999e-03   9.64408e-03   1.01384e-02   7.21739e-01  -9.49834e-02  -1.25889e+01  -8.00000e+01   2.79134e+00   2.47632e+00   3.73145e+00   8.87145e-01   2.00473e-01   1.77849e-01   2.67992e-01   7.01280e+01   7.90490e+01   1.05673e+02
             4  -7.70973e+01   2.41429e+03   9.99998e-03   2.00726e-02   1.28393e-02  -6.09406e-01  -9.76424e-02  -1.25776e+01  -8.00000e+01   5.02483e+00  -3.56044e+00   6.15838e+00  -7.08569e-01   1.32492e-01  -9.38795e-02   1.62380e-01  -5.66662e+01   7.99727e+01   9.80138e+01
             5  -7.58164e+01   2.53639e+03   1.77800e-02   2.14163e-02   8.81667e-03  -1.51188e+00  -1.00525e-01  -1.26104e+01  -8.00000e+01   3.87303e-01  -9.47911e+00   9.48702e+00  -2.44746e+01   4.30320e-03  -1.05319e-01   1.05407e-01  -8.48509e+01   3.46689e+00   8.49217e+01
             6  -7.54022e+01   2.60666e+03   3.16200e-02   1.24378e-02   3.91837e-03  -5.08259e-01  -1.02564e-01  -1.26067e+01  -8.00000e+01   1.09721e+01  -6.28206e+00   1.26432e+01  -5.72550e-01   6.86395e-02  -3.92996e-02   7.90939e-02  -3.16199e+01   5.52265e+01   6.36379e+01
             7  -7.56358e+01   2.64811e+03   5.62299e-02   1.88072e-02   5.43041e-03   7.35852e-01  -1.04121e-01  -1.25567e+01  -8.00000e+01   1.00471e+01   9.41976e+00   1.37723e+01   9.37560e-01   5.29698e-02   4.96624e-02   7.26096e-02   2.66620e+01   2.84376e+01   3.89815e+01
             8  -7.67882e+01   2.72564e+03   9.99999e-02   4.99611e+00   4.91637e-01   1.34064e-01  -1.07195e-01  -1.24548e+01  -8.00000e+01   4.23752e+01   6.17818e+00   4.28232e+01   1.45797e-01   2.31075e-02   3.36901e-03   2.33518e-02   9.83290e+00   6.74423e+01   6.81553e+01
             9  -7.76650e+01   2.77891e+03   1.77820e-01   4.99819e+00   4.84406e-01   1.30090e-01  -1.11067e-01  -1.22365e+01  -8.00000e+01   4.31060e+01   6.10338e+00   4.35359e+01   1.41590e-01   2.27427e-02   3.22014e-03   2.29695e-02   5.46274e+00   3.85814e+01   3.89662e+01
            10  -7.78718e+01   2.79182e+03   3.16220e-01   4.99738e+00   4.74922e-01   1.23473e-01  -1.12079e-01  -1.22297e+01  -8.00000e+01   4.40763e+01   5.92775e+00   4.44731e+01   1.34489e-01   2.22849e-02   2.99706e-03   2.24855e-02   2.98347e+00   2.21838e+01   2.23835e+01
            11  -7.80521e+01   2.80378e+03   5.62339e-01   5.00001e+00   4.66432e-01   1.14493e-01  -1.11190e-01  -1.22292e+01  -8.00000e+01   4.50326e+01   5.61681e+00   4.53815e+01   1.24728e-01   2.18660e-02   2.72729e-03   2.20354e-02   1.58969e+00   1.27453e+01   1.28440e+01
            12  -7.81739e+01   2.81247e+03   9.99999e-01   4.99560e+00   4.57928e-01   1.06731e-01  -1.11077e-01  -1.22286e+01  -8.00000e+01   4.59473e+01   5.34054e+00   4.62567e+01   1.16232e-01   2.14739e-02   2.49595e-03   2.16185e-02   8.49974e-01   7.31276e+00   7.36199e+00
            13  -7.82956e+01   2.82149e+03   1.77828e+00   4.99966e+00   4.50136e-01   9.88127e-02  -1.11186e-01  -1.22278e+01  -8.00000e+01   4.69034e+01   5.04010e+00   4.71734e+01   1.07457e-01   2.10771e-02   2.26488e-03   2.11984e-02   4.51086e-01   4.19783e+00   4.22199e+00
            14  -7.83954e+01   2.82949e+03   3.16228e+00   5.00058e+00   4.42788e-01   9.14926e-02  -1.11361e-01  -1.22300e+01  -8.00000e+01   4.78053e+01   4.73919e+00   4.80396e+01   9.91352e-02   2.07146e-02   2.05355e-03   2.08161e-02   2.38520e-01   2.40600e+00   2.41780e+00
            15  -7.84925e+01   2.83740e+03   5.62341e+00   4.99724e+00   4.35605e-01   8.53759e-02  -1.11524e-01  -1.22332e+01  -8.00000e+01   4.86666e+01   4.46727e+00   4.88712e+01   9.17932e-02   2.03763e-02   1.87040e-03   2.04619e-02   1.26433e-01   1.37737e+00   1.38316e+00
            16  -7.85854e+01   2.84493e+03   1.00000e+01   4.99398e+00   4.28192e-01   8.03302e-02  -1.11640e-01  -1.22364e+01  -8.00000e+01   4.95831e+01   4.21685e+00   4.97621e+01   8.50461e-02   2.00233e-02   1.70291e-03   2.00956e-02   6.71134e-02   7.89141e-01   7.91989e-01
            17  -7.86690e+01   2.85226e+03   1.77828e+01   4.99231e+00   4.20732e-01   7.75932e-02  -1.11814e-01  -1.22397e+01  -8.00000e+01   5.05470e+01   4.03381e+00   5.07077e+01   7.98031e-02   1.96584e-02   1.56880e-03   1.97209e-02   3.61024e-02   4.52393e-01   4.53831e-01
            18  -7.87494e+01   2.85949e+03   3.16228e+01   4.99521e+00   4.12283e-01   8.40713e-02  -1.12360e-01  -1.22430e+01  -8.00000e+01   5.16888e+01   4.28541e+00   5.18661e+01   8.29078e-02   1.92145e-02   1.59303e-03   1.92804e-02   2.15681e-02   2.60146e-01   2.61038e-01
            19  -7.88251e+01   2.86661e+03   5.62341e+01   4.99669e+00   4.04253e-01   8.90155e-02  -1.13060e-01  -1.22465e+01  -8.00000e+01   5.27993e+01   4.27860e+00   5.29723e+01   8.10352e-02   1.88161e-02   1.52477e-03   1.88778e-02   1.21094e-02   1.49434e-01   1.49923e-01
            20  -7.88936e+01   2.87373e+03   1.00000e+02   4.99640e+00   3.95977e-01   1.00020e-01  -1.13740e-01  -1.22502e+01  -8.00000e+01   5.38724e+01   4.31116e+00   5.40446e+01   8.00255e-02   1.84443e-02   1.47601e-03   1.85032e-02   6.86143e-03   8.57406e-02   8.60147e-02
            21  -7.89602e+01   2.88082e+03   1.77828e+02   4.98778e+00   3.86260e-01   1.23639e-01  -1.14402e-01  -1.22535e+01  -8.00000e+01   5.47826e+01   4.52555e+00   5.49692e+01   8.26093e-02   1.81303e-02   1.49773e-03   1.81920e-02   4.05034e-03   4.90301e-02   4.91971e-02
            22  -7.90253e+01   2.88787e+03   3.16228e+02   5.00045e+00   3.77471e-01   1.48968e-01  -1.15028e-01  -1.22562e+01  -8.00000e+01   5.48917e+01   3.76713e+00   5.50208e+01   6.86284e-02   1.81323e-02   1.24439e-03   1.81750e-02   1.89597e-03   2.76265e-02   2.76915e-02
            23  -7.90874e+01   2.89483e+03   5.62341e+02   5.00404e+00   3.34356e-01   2.04026e-01  -1.15547e-01  -1.22591e+01  -8.00000e+01   5.73792e+01   3.21632e+00   5.74692e+01   5.60537e-02   1.73733e-02   9.73841e-04   1.74006e-02   9.10288e-04   1.62396e-02   1.62651e-02
£]3[JJA01-02
