         Index            Ts             t             f             F             x         Phase            F0            x0            Tr            G'            G"            G*     tan_delta            J'            J"            J*          Eta'          Eta"          Eta*
           [#]          [°C]           [s]          [Hz]           [N]          [µm]         [rad]           [N]          [µm]          [°C]         [MPa]         [MPa]         [MPa]            []       [1/MPa]       [1/MPa]       [1/MPa]        [MPas]        [MPas]        [MPas]
             0  -9.25948e-01   0.00000e+00   9.99999e-04   1.71138e-02   2.54768e-02   2.66859e-01  -5.65867e-02   2.97422e+00   0.00000e+00   2.54245e+00   6.87654e-01   2.63380e+00   2.70469e-01   3.66510e-01   9.91299e-02   3.79680e-01   1.09444e+02   4.04643e+02   4.19183e+02
             1  -1.43041e+00   1.16543e+03   1.77000e-03   3.40580e-02   1.71191e-02   9.92991e-01  -5.25060e-02   2.84283e+00   0.00000e+00   4.20785e+00   6.59774e+00   7.82536e+00   1.56796e+00   6.87151e-02   1.07742e-01   1.27790e-01   5.93257e+02   3.78362e+02   7.03642e+02
             2  -8.98519e-01   1.82637e+03   3.16000e-03   2.37713e-02   8.79367e-03   9.47654e-01  -5.26079e-02   2.81274e+00   0.00000e+00   6.09637e+00   8.75808e+00   1.06710e+01   1.43660e+00   5.35382e-02   7.69132e-02   9.37122e-02   4.41105e+02   3.07047e+02   5.37450e+02
             3  -1.18027e+00   2.20089e+03   5.61999e-03   1.63307e-02   4.88512e-03   4.63567e-01  -5.35736e-02   2.79447e+00   0.00000e+00   1.18663e+01   6.08866e+00   1.33372e+01   5.13104e-01   6.67092e-02   3.42288e-02   7.49782e-02   1.72427e+02   3.36047e+02   3.77702e+02
             4  -1.40389e+00   2.41423e+03   9.99998e-03   1.69338e-02   4.05925e-03   4.52832e-01  -5.41190e-02   2.77624e+00   0.00000e+00   1.49522e+01   7.52421e+00   1.67387e+01   5.03217e-01   5.33660e-02   2.68547e-02   5.97420e-02   1.19752e+02   2.37972e+02   2.66404e+02
             5  -1.54486e+00   2.53631e+03   1.77800e-02   1.65864e-02   2.95693e-03   4.88823e-01  -5.42409e-02   2.75080e+00   0.00000e+00   1.98356e+01   1.10609e+01   2.27111e+01   5.57630e-01   3.84564e-02   2.14445e-02   4.40314e-02   9.90102e+01   1.77555e+02   2.03295e+02
             6  -1.62775e+00   2.60655e+03   3.16200e-02   1.87759e-02   2.87045e-03   4.07388e-01  -5.46230e-02   2.73444e+00   0.00000e+00   2.42991e+01   1.10613e+01   2.66983e+01   4.55213e-01   3.40897e-02   1.55181e-02   3.74556e-02   5.56755e+01   1.22306e+02   1.34382e+02
             7  -1.66576e+00   2.64801e+03   5.62299e-02   1.59290e-02   2.11985e-03   3.88371e-01  -5.52456e-02   2.72401e+00   0.00000e+00   2.83299e+01   1.23241e+01   3.08945e+01   4.35020e-01   2.96814e-02   1.29120e-02   3.23682e-02   3.48825e+01   8.01860e+01   8.74447e+01
             8  -1.69434e+00   2.72484e+03   9.99999e-02   5.00046e+00   5.80375e-01   3.95490e-01  -5.57066e-02   2.71305e+00   0.00000e+00   3.25744e+01   1.45990e+01   3.56962e+01   4.48175e-01   2.55642e-02   1.14572e-02   2.80142e-02   2.32351e+01   5.18438e+01   5.68124e+01
             9  -1.70125e+00   2.77811e+03   1.77820e-01   4.99857e+00   5.13963e-01   3.75558e-01  -5.59152e-02   2.70226e+00   0.00000e+00   3.73744e+01   1.59593e+01   4.06392e+01   4.27012e-01   2.26299e-02   9.66326e-03   2.46068e-02   1.42842e+01   3.34514e+01   3.63735e+01
            10  -1.70303e+00   2.79103e+03   3.16220e-01   4.99914e+00   4.62201e-01   3.44958e-01  -5.59585e-02   2.69280e+00   0.00000e+00   4.24499e+01   1.66561e+01   4.56007e+01   3.92370e-01   2.04143e-02   8.00995e-03   2.19295e-02   8.38308e+00   2.13653e+01   2.29510e+01
            11  -1.70340e+00   2.80298e+03   5.62339e-01   5.00018e+00   4.17547e-01   3.13527e-01  -5.59159e-02   2.68501e+00   0.00000e+00   4.80093e+01   1.71438e+01   5.09784e+01   3.57094e-01   1.84736e-02   6.59683e-03   1.96161e-02   4.85210e+00   1.35877e+01   1.44281e+01
            12  -1.70588e+00   2.81167e+03   9.99999e-01   4.99804e+00   3.79395e-01   2.90531e-01  -5.58515e-02   2.67916e+00   0.00000e+00   5.37491e+01   1.78597e+01   5.66386e+01   3.32279e-01   1.67551e-02   5.56735e-03   1.76558e-02   2.84246e+00   8.55445e+00   9.01433e+00
            13  -1.70726e+00   2.82068e+03   1.77828e+00   4.99793e+00   3.45148e-01   2.72150e-01  -5.57961e-02   2.67439e+00   0.00000e+00   6.00555e+01   1.88068e+01   6.29314e+01   3.13156e-01   1.51642e-02   4.74875e-03   1.58903e-02   1.68320e+00   5.37494e+00   5.63233e+00
            14  -1.70835e+00   2.82868e+03   3.16228e+00   5.00101e+00   3.14313e-01   2.55064e-01  -5.57640e-02   2.67159e+00   0.00000e+00   6.71068e+01   1.98324e+01   6.99760e+01   2.95535e-01   1.37047e-02   4.05020e-03   1.42906e-02   9.98149e-01   3.37743e+00   3.52184e+00
            15  -1.70791e+00   2.83658e+03   5.62341e+00   4.99572e+00   2.86594e-01   2.39016e-01  -5.57464e-02   2.67064e+00   0.00000e+00   7.47994e+01   2.08540e+01   7.76520e+01   2.78798e-01   1.24049e-02   3.45846e-03   1.28780e-02   5.90213e-01   2.11699e+00   2.19772e+00
            16  -1.70849e+00   2.84412e+03   1.00000e+01   4.99356e+00   2.62429e-01   2.25168e-01  -5.57352e-02   2.67073e+00   0.00000e+00   8.30798e+01   2.19353e+01   8.59267e+01   2.64027e-01   1.12522e-02   2.97089e-03   1.16378e-02   3.49111e-01   1.32226e+00   1.36757e+00
            17  -1.70928e+00   2.85145e+03   1.77828e+01   4.99688e+00   2.41344e-01   2.14916e-01  -5.57202e-02   2.67046e+00   0.00000e+00   9.19618e+01   2.32160e+01   9.48470e+01   2.52452e-01   1.02226e-02   2.58071e-03   1.05433e-02   2.07781e-01   8.23052e-01   8.48875e-01
            18  -1.70876e+00   2.85868e+03   3.16228e+01   4.98963e+00   2.23505e-01   2.13317e-01  -5.57052e-02   2.67033e+00   0.00000e+00   1.00592e+02   2.50763e+01   1.03670e+02   2.49288e-01   9.35952e-03   2.33321e-03   9.64596e-03   1.26207e-01   5.06271e-01   5.21765e-01
            19  -1.70801e+00   2.86580e+03   5.62341e+01   5.00793e+00   2.07434e-01   2.13271e-01  -5.56926e-02   2.67061e+00   0.00000e+00   1.10544e+02   2.70438e+01   1.13804e+02   2.44643e-01   8.53536e-03   2.08812e-03   8.78707e-03   7.65398e-02   3.12863e-01   3.22089e-01
            20  -1.70774e+00   2.87291e+03   1.00000e+02   4.99779e+00   1.91907e-01   2.18567e-01  -5.56788e-02   2.67071e+00   0.00000e+00   1.21045e+02   2.90551e+01   1.24483e+02   2.40035e-01   7.81133e-03   1.87499e-03   8.03321e-03   4.62426e-02   1.92649e-01   1.98121e-01
            21  -1.70710e+00   2.88000e+03   1.77828e+02   4.98749e+00   1.78095e-01   2.29081e-01  -5.56655e-02   2.67081e+00   0.00000e+00   1.31557e+02   3.02101e+01   1.34982e+02   2.29634e-01   7.22049e-03   1.65807e-03   7.40842e-03   2.70378e-02   1.17743e-01   1.20808e-01
            22  -1.70823e+00   2.88705e+03   3.16228e+02   4.99411e+00   1.67387e-01   2.37945e-01  -5.56563e-02   2.67143e+00   0.00000e+00   1.39305e+02   2.69808e+01   1.41894e+02   1.93681e-01   6.91893e-03   1.34007e-03   7.04751e-03   1.35792e-02   7.01112e-02   7.14142e-02
            23  -1.70647e+00   2.89403e+03   5.62341e+02   4.98581e+00   1.40631e-01   2.97574e-01  -5.56504e-02   2.67205e+00   0.00000e+00   1.56434e+02   2.96252e+01   1.59215e+02   1.89378e-01   6.17114e-03   1.16868e-03   6.28082e-03   8.38458e-03   4.42743e-02   4.50613e-02
£]7[JJA01-02
