         Index            Ts             t             f             F             x         Phase            F0            x0            Tr            E'            E"            E*     tan_delta            D'            D"            D*          Eta'          Eta"          Eta*
           [#]          [°C]           [s]          [Hz]           [N]          [µm]         [rad]           [N]          [µm]          [°C]         [MPa]         [MPa]         [MPa]            []       [1/MPa]       [1/MPa]       [1/MPa]        [MPas]        [MPas]        [MPas]
             0   3.74179e+01   0.00000e+00   9.99999e-02   2.68567e+00   2.23367e+00   1.49599e-02   5.52530e+00   6.85536e+01   4.00000e+01   2.55965e+03   4.36535e+01   2.56002e+03   1.70545e-02   3.90565e-04   6.66089e-06   3.90622e-04   6.94767e+01   4.07381e+03   4.07440e+03
             1   3.74020e+01   7.57661e+01   1.12200e-01   2.77573e+00   2.30630e+00   1.48342e-02   5.52527e+00   6.84016e+01   4.00000e+01   2.56254e+03   4.33439e+01   2.56291e+03   1.69144e-02   3.90126e-04   6.59875e-06   3.90182e-04   6.14832e+01   3.63495e+03   3.63547e+03
             2   3.73886e+01   9.82734e+01   1.25890e-01   2.77225e+00   2.30126e+00   1.47119e-02   5.52785e+00   6.83313e+01   4.00000e+01   2.56529e+03   4.30380e+01   2.56565e+03   1.67771e-02   3.89710e-04   6.53818e-06   3.89765e-04   5.44104e+01   3.24314e+03   3.24360e+03
             3   3.73756e+01   1.20258e+02   1.41250e-01   2.77016e+00   2.29733e+00   1.48651e-02   5.52905e+00   6.82870e+01   4.00000e+01   2.56810e+03   4.35405e+01   2.56847e+03   1.69544e-02   3.89281e-04   6.60002e-06   3.89337e-04   4.90598e+01   2.89364e+03   2.89405e+03
             4   3.73659e+01   1.39841e+02   1.58480e-01   2.77662e+00   2.30071e+00   1.44248e-02   5.52976e+00   6.82544e+01   4.00000e+01   2.57064e+03   4.22886e+01   2.57099e+03   1.64506e-02   3.88903e-04   6.39768e-06   3.88955e-04   4.24688e+01   2.58159e+03   2.58194e+03
             5   3.73523e+01   1.57295e+02   1.77820e-01   2.77596e+00   2.29788e+00   1.43286e-02   5.53049e+00   6.82164e+01   4.00000e+01   2.57357e+03   4.20527e+01   2.57391e+03   1.63403e-02   3.88462e-04   6.34756e-06   3.88514e-04   3.76387e+01   2.30343e+03   2.30374e+03
             6   3.73394e+01   1.73137e+02   1.99520e-01   2.78190e+00   2.30082e+00   1.42787e-02   5.53123e+00   6.81893e+01   4.00000e+01   2.57612e+03   4.19435e+01   2.57646e+03   1.62817e-02   3.88078e-04   6.31857e-06   3.88130e-04   3.34579e+01   2.05494e+03   2.05522e+03
             7   3.73291e+01   1.87491e+02   2.23870e-01   2.78350e+00   2.29994e+00   1.42672e-02   5.53188e+00   6.81703e+01   4.00000e+01   2.57894e+03   4.19497e+01   2.57929e+03   1.62662e-02   3.87653e-04   6.30564e-06   3.87704e-04   2.98231e+01   1.83344e+03   1.83368e+03
             8   3.73223e+01   2.00373e+02   2.51180e-01   2.78268e+00   2.29716e+00   1.42418e-02   5.53214e+00   6.81530e+01   4.00000e+01   2.58165e+03   4.19094e+01   2.58199e+03   1.62336e-02   3.87247e-04   6.28639e-06   3.87298e-04   2.65551e+01   1.63581e+03   1.63603e+03
             9   3.73119e+01   2.11924e+02   2.81830e-01   2.78981e+00   2.30089e+00   1.42291e-02   5.53223e+00   6.81378e+01   4.00000e+01   2.58442e+03   4.19045e+01   2.58476e+03   1.62143e-02   3.86833e-04   6.27222e-06   3.86884e-04   2.36643e+01   1.45947e+03   1.45967e+03
            10   3.73017e+01   2.22292e+02   3.16220e-01   2.79094e+00   2.29976e+00   1.42213e-02   5.53231e+00   6.81253e+01   4.00000e+01   2.58708e+03   4.19090e+01   2.58742e+03   1.61993e-02   3.86435e-04   6.25999e-06   3.86485e-04   2.10930e+01   1.30209e+03   1.30226e+03
            11   3.72858e+01   2.33715e+02   3.54809e-01   2.79121e+00   2.29795e+00   1.42196e-02   5.53241e+00   6.81149e+01   4.00000e+01   2.58970e+03   4.19269e+01   2.59004e+03   1.61899e-02   3.86044e-04   6.25001e-06   3.86095e-04   1.88069e+01   1.16165e+03   1.16180e+03
            12   3.72673e+01   2.44672e+02   3.98099e-01   2.79686e+00   2.30059e+00   1.42087e-02   5.53251e+00   6.81049e+01   4.00000e+01   2.59230e+03   4.19131e+01   2.59264e+03   1.61683e-02   3.85656e-04   6.23540e-06   3.85707e-04   1.67563e+01   1.03637e+03   1.03651e+03
            13   3.72569e+01   2.54510e+02   4.46679e-01   2.79995e+00   2.30112e+00   1.41730e-02   5.53263e+00   6.80949e+01   4.00000e+01   2.59490e+03   4.18211e+01   2.59524e+03   1.61167e-02   3.85271e-04   6.20929e-06   3.85322e-04   1.49011e+01   9.24580e+02   9.24700e+02
            14   3.72472e+01   2.67013e+02   5.01179e-01   2.80468e+00   2.30302e+00   1.41083e-02   5.53277e+00   6.80854e+01   4.00000e+01   2.59748e+03   4.16371e+01   2.59782e+03   1.60298e-02   3.84889e-04   6.16969e-06   3.84939e-04   1.32223e+01   8.24859e+02   8.24965e+02
            15   3.72315e+01   2.80188e+02   5.62339e-01   2.80647e+00   2.30250e+00   1.40549e-02   5.53291e+00   6.80771e+01   4.00000e+01   2.60006e+03   4.14809e+01   2.60039e+03   1.59538e-02   3.84509e-04   6.13439e-06   3.84558e-04   1.17401e+01   7.35877e+02   7.35970e+02
            16   3.72127e+01   2.91998e+02   6.30949e-01   2.81170e+00   2.30481e+00   1.40137e-02   5.53305e+00   6.80712e+01   4.00000e+01   2.60262e+03   4.13544e+01   2.60295e+03   1.58895e-02   3.84131e-04   6.10364e-06   3.84179e-04   1.04315e+01   6.56504e+02   6.56586e+02
            17   3.71942e+01   3.02599e+02   7.07939e-01   2.81146e+00   2.30265e+00   1.39894e-02   5.53319e+00   6.80687e+01   4.00000e+01   2.60517e+03   4.12712e+01   2.60549e+03   1.58421e-02   3.83757e-04   6.07950e-06   3.83805e-04   9.27837e+00   5.85679e+02   5.85752e+02
            18   3.71867e+01   3.13375e+02   7.94319e-01   2.81223e+00   2.30131e+00   1.39780e-02   5.53333e+00   6.80680e+01   4.00000e+01   2.60773e+03   4.12196e+01   2.60805e+03   1.58067e-02   3.83380e-04   6.05998e-06   3.83428e-04   8.25904e+00   5.22501e+02   5.22567e+02
            19   3.71844e+01   3.23051e+02   8.91249e-01   2.81371e+00   2.30053e+00   1.40013e-02   5.53349e+00   6.80682e+01   4.00000e+01   2.61033e+03   4.12642e+01   2.61066e+03   1.58080e-02   3.82997e-04   6.05444e-06   3.83045e-04   7.36877e+00   4.66141e+02   4.66199e+02
            20   3.71808e+01   3.31580e+02   9.99999e-01   2.81557e+00   2.30002e+00   1.40317e-02   5.53365e+00   6.80691e+01   4.00000e+01   2.61297e+03   4.13215e+01   2.61329e+03   1.58140e-02   3.82611e-04   6.05061e-06   3.82659e-04   6.57653e+00   4.15867e+02   4.15919e+02
            21   3.71760e+01   3.42018e+02   1.12202e+00   2.82288e+00   2.30396e+00   1.41183e-02   5.53382e+00   6.80713e+01   4.00000e+01   2.61561e+03   4.15373e+01   2.61594e+03   1.58806e-02   3.82224e-04   6.06993e-06   3.82272e-04   5.89195e+00   3.71016e+02   3.71063e+02
            22   3.71605e+01   3.51465e+02   1.25892e+00   2.82257e+00   2.30169e+00   1.42211e-02   5.53400e+00   6.80765e+01   4.00000e+01   2.61824e+03   4.17909e+01   2.61858e+03   1.59614e-02   3.81838e-04   6.09468e-06   3.81887e-04   5.28328e+00   3.31003e+02   3.31046e+02
            23   3.71292e+01   3.60670e+02   1.41253e+00   2.82607e+00   2.30254e+00   1.43360e-02   5.53418e+00   6.80850e+01   4.00000e+01   2.62085e+03   4.20680e+01   2.62118e+03   1.60513e-02   3.81458e-04   6.12290e-06   3.81507e-04   4.73996e+00   2.95301e+02   2.95339e+02
            24   3.71142e+01   3.69571e+02   1.58489e+00   2.82942e+00   2.30330e+00   1.44030e-02   5.53436e+00   6.80968e+01   4.00000e+01   2.62341e+03   4.21864e+01   2.62375e+03   1.60807e-02   3.81084e-04   6.12811e-06   3.81134e-04   4.23637e+00   2.63444e+02   2.63478e+02
            25   3.70974e+01   3.78141e+02   1.77828e+00   2.82993e+00   2.30176e+00   1.44475e-02   5.53454e+00   6.81128e+01   4.00000e+01   2.62597e+03   4.22206e+01   2.62631e+03   1.60781e-02   3.80713e-04   6.12112e-06   3.80762e-04   3.77872e+00   2.35023e+02   2.35054e+02
            26   3.70824e+01   3.86733e+02   1.99526e+00   2.83064e+00   2.30038e+00   1.44851e-02   5.53471e+00   6.81334e+01   4.00000e+01   2.62854e+03   4.22159e+01   2.62888e+03   1.60606e-02   3.80341e-04   6.10849e-06   3.80390e-04   3.36742e+00   2.09670e+02   2.09697e+02
            27   3.70691e+01   3.95473e+02   2.23872e+00   2.83165e+00   2.29925e+00   1.45324e-02   5.53487e+00   6.81586e+01   4.00000e+01   2.63110e+03   4.22204e+01   2.63144e+03   1.60466e-02   3.79971e-04   6.09726e-06   3.80020e-04   3.00153e+00   1.87050e+02   1.87075e+02
            28   3.70645e+01   4.03736e+02   2.51189e+00   2.83531e+00   2.30028e+00   1.45910e-02   5.53501e+00   6.81884e+01   4.00000e+01   2.63366e+03   4.22357e+01   2.63400e+03   1.60369e-02   3.79602e-04   6.08764e-06   3.79651e-04   2.67608e+00   1.66870e+02   1.66892e+02
            29   3.70670e+01   4.11881e+02   2.81838e+00   2.84214e+00   2.30388e+00   1.46752e-02   5.53513e+00   6.82236e+01   4.00000e+01   2.63621e+03   4.23031e+01   2.63655e+03   1.60469e-02   3.79234e-04   6.08554e-06   3.79283e-04   2.38888e+00   1.48868e+02   1.48887e+02
            30   3.70745e+01   4.20082e+02   3.16228e+00   2.84529e+00   2.30449e+00   1.47766e-02   5.53522e+00   6.82645e+01   4.00000e+01   2.63876e+03   4.23938e+01   2.63910e+03   1.60658e-02   3.78869e-04   6.08684e-06   3.78917e-04   2.13365e+00   1.32807e+02   1.32824e+02
            31   3.70820e+01   4.28109e+02   3.54812e+00   2.84365e+00   2.30124e+00   1.49119e-02   5.53528e+00   6.83110e+01   4.00000e+01   2.64129e+03   4.25554e+01   2.64163e+03   1.61116e-02   3.78505e-04   6.09832e-06   3.78554e-04   1.90887e+00   1.18478e+02   1.18493e+02
            32   3.70917e+01   4.35838e+02   3.98106e+00   2.84719e+00   2.30218e+00   1.50691e-02   5.53531e+00   6.83625e+01   4.00000e+01   2.64382e+03   4.27472e+01   2.64417e+03   1.61687e-02   3.78142e-04   6.11407e-06   3.78191e-04   1.70895e+00   1.05695e+02   1.05708e+02
            33   3.71013e+01   4.43630e+02   4.46683e+00   2.85149e+00   2.30374e+00   1.52496e-02   5.53530e+00   6.84185e+01   4.00000e+01   2.64634e+03   4.29696e+01   2.64669e+03   1.62374e-02   3.77781e-04   6.13417e-06   3.77831e-04   1.53102e+00   9.42901e+01   9.43025e+01
            34   3.71073e+01   4.51311e+02   5.01186e+00   2.85167e+00   2.30199e+00   1.54293e-02   5.53527e+00   6.84780e+01   4.00000e+01   2.64884e+03   4.31441e+01   2.64919e+03   1.62879e-02   3.77424e-04   6.14744e-06   3.77474e-04   1.37007e+00   8.41156e+01   8.41268e+01
            35   3.71186e+01   4.59072e+02   5.62341e+00   2.85533e+00   2.30307e+00   1.56254e-02   5.53521e+00   6.85406e+01   4.00000e+01   2.65130e+03   4.33166e+01   2.65166e+03   1.63378e-02   3.77072e-04   6.16055e-06   3.77123e-04   1.22595e+00   7.50377e+01   7.50477e+01
            36   3.71328e+01   4.66740e+02   6.30957e+00   2.85831e+00   2.30363e+00   1.58257e-02   5.53511e+00   6.86068e+01   4.00000e+01   2.65374e+03   4.34445e+01   2.65410e+03   1.63710e-02   3.76726e-04   6.16739e-06   3.76776e-04   1.09586e+00   6.69389e+01   6.69479e+01
            37   3.71510e+01   4.74323e+02   7.07945e+00   2.85701e+00   2.30075e+00   1.60520e-02   5.53498e+00   6.86770e+01   4.00000e+01   2.65615e+03   4.35867e+01   2.65651e+03   1.64097e-02   3.76383e-04   6.17634e-06   3.76434e-04   9.79885e-01   5.97137e+01   5.97217e+01
            38   3.71691e+01   4.81813e+02   7.94328e+00   2.85513e+00   2.29743e+00   1.62834e-02   5.53480e+00   6.87522e+01   4.00000e+01   2.65854e+03   4.36717e+01   2.65890e+03   1.64269e-02   3.76045e-04   6.17726e-06   3.76095e-04   8.75025e-01   5.32677e+01   5.32749e+01
            39   3.71900e+01   4.89206e+02   8.91251e+00   2.86716e+00   2.30531e+00   1.65519e-02   5.53457e+00   6.88314e+01   4.00000e+01   2.66091e+03   4.37886e+01   2.66127e+03   1.64562e-02   3.75709e-04   6.18275e-06   3.75760e-04   7.81954e-01   4.75172e+01   4.75237e+01
            40   3.72117e+01   4.96575e+02   1.00000e+01   2.86274e+00   2.29994e+00   1.68408e-02   5.53431e+00   6.89129e+01   4.00000e+01   2.66330e+03   4.38770e+01   2.66366e+03   1.64747e-02   3.75372e-04   6.18413e-06   3.75423e-04   6.98324e-01   4.23878e+01   4.23935e+01
            41   3.72340e+01   5.03923e+02   1.12202e+01   2.86473e+00   2.29969e+00   1.71648e-02   5.53403e+00   6.89961e+01   4.00000e+01   2.66574e+03   4.39714e+01   2.66611e+03   1.64950e-02   3.75028e-04   6.18607e-06   3.75079e-04   6.23721e-01   3.78128e+01   3.78179e+01
            42   3.72564e+01   5.11278e+02   1.25893e+01   2.87035e+00   2.30224e+00   1.75270e-02   5.53354e+00   6.90806e+01   4.00000e+01   2.66832e+03   4.40702e+01   2.66868e+03   1.65161e-02   3.74666e-04   6.18802e-06   3.74717e-04   5.57141e-01   3.37332e+01   3.37378e+01
            43   3.72845e+01   5.18535e+02   1.41254e+01   2.87469e+00   2.30362e+00   1.79468e-02   5.53264e+00   6.91660e+01   4.00000e+01   2.67107e+03   4.42197e+01   2.67144e+03   1.65550e-02   3.74279e-04   6.19619e-06   3.74330e-04   4.98237e-01   3.00958e+01   3.01000e+01
            44   3.73141e+01   5.25906e+02   1.58489e+01   2.87415e+00   2.30090e+00   1.84476e-02   5.53154e+00   6.92518e+01   4.00000e+01   2.67408e+03   4.44779e+01   2.67445e+03   1.66330e-02   3.73857e-04   6.21837e-06   3.73909e-04   4.46647e-01   2.68531e+01   2.68568e+01
            45   3.73411e+01   5.33276e+02   1.77828e+01   2.87666e+00   2.30047e+00   1.90021e-02   5.53042e+00   6.93387e+01   4.00000e+01   2.67726e+03   4.47422e+01   2.67764e+03   1.67119e-02   3.73411e-04   6.24042e-06   3.73464e-04   4.00440e-01   2.39613e+01   2.39647e+01
            46   3.73695e+01   5.40671e+02   1.99526e+01   2.88312e+00   2.30324e+00   1.96561e-02   5.52928e+00   6.94255e+01   4.00000e+01   2.68038e+03   4.51285e+01   2.68076e+03   1.68367e-02   3.72976e-04   6.27967e-06   3.73029e-04   3.59974e-01   2.13804e+01   2.13834e+01
            47   3.73984e+01   5.48012e+02   2.23872e+01   2.87864e+00   2.29752e+00   2.03910e-02   5.52816e+00   6.95093e+01   4.00000e+01   2.68313e+03   4.55526e+01   2.68352e+03   1.69774e-02   3.72591e-04   6.32562e-06   3.72645e-04   3.23842e-01   1.90749e+01   1.90777e+01
            48   3.74253e+01   5.55334e+02   2.51189e+01   2.88298e+00   2.29917e+00   2.10219e-02   5.52702e+00   6.95924e+01   4.00000e+01   2.68542e+03   4.54143e+01   2.68580e+03   1.69114e-02   3.72275e-04   6.29570e-06   3.72328e-04   2.87748e-01   1.70150e+01   1.70175e+01
            49   3.74539e+01   5.62614e+02   2.81838e+01   2.89059e+00   2.30391e+00   2.13805e-02   5.52587e+00   6.96763e+01   4.00000e+01   2.68705e+03   4.41597e+01   2.68742e+03   1.64342e-02   3.72054e-04   6.11443e-06   3.72104e-04   2.49371e-01   1.51739e+01   1.51759e+01
            50   3.74832e+01   5.69902e+02   3.16228e+01   2.88451e+00   2.29820e+00   2.17258e-02   5.52473e+00   6.97594e+01   4.00000e+01   2.68803e+03   4.25575e+01   2.68836e+03   1.58323e-02   3.71927e-04   5.88845e-06   3.71974e-04   2.14189e-01   1.35286e+01   1.35303e+01
            51   3.75098e+01   5.77178e+02   3.54813e+01   2.89189e+00   2.30330e+00   2.19884e-02   5.52368e+00   6.98412e+01   4.00000e+01   2.68882e+03   4.03667e+01   2.68913e+03   1.50128e-02   3.71826e-04   5.58213e-06   3.71868e-04   1.81069e-01   1.20610e+01   1.20623e+01
            52   3.75391e+01   5.84875e+02   3.98107e+01   2.89007e+00   2.30101e+00   2.23322e-02   5.52302e+00   6.99222e+01   4.00000e+01   2.68963e+03   3.80577e+01   2.68990e+03   1.41498e-02   3.71724e-04   5.25981e-06   3.71761e-04   1.52147e-01   1.07526e+01   1.07537e+01
            53   3.75717e+01   5.93352e+02   4.46684e+01   2.87280e+00   2.28659e+00   2.33868e-02   5.52252e+00   7.00038e+01   4.00000e+01   2.69009e+03   3.75326e+01   2.69035e+03   1.39522e-02   3.71662e-04   5.18549e-06   3.71698e-04   1.33730e-01   9.58489e+00   9.58583e+00
            54   3.76011e+01   6.00343e+02   5.01187e+01   2.88971e+00   2.29926e+00   2.53212e-02   5.52200e+00   7.00855e+01   4.00000e+01   2.69054e+03   3.92720e+01   2.69083e+03   1.45963e-02   3.71593e-04   5.42388e-06   3.71632e-04   1.24711e-01   8.54398e+00   8.54489e+00
            55   3.76342e+01   6.07324e+02   5.62341e+01   2.88973e+00   2.29767e+00   2.83741e-02   5.52146e+00   7.01681e+01   4.00000e+01   2.69191e+03   4.39778e+01   2.69227e+03   1.63370e-02   3.71385e-04   6.06732e-06   3.71434e-04   1.24467e-01   7.61869e+00   7.61971e+00
            56   3.76768e+01   6.15798e+02   6.30957e+01   2.89904e+00   2.30363e+00   3.03947e-02   5.52091e+00   7.02519e+01   4.00000e+01   2.69292e+03   4.48934e+01   2.69330e+03   1.66709e-02   3.71241e-04   6.18891e-06   3.71292e-04   1.13241e-01   6.79273e+00   6.79367e+00
            57   3.77310e+01   6.24258e+02   7.07946e+01   2.89146e+00   2.29551e+00   3.28949e-02   5.52035e+00   7.03345e+01   4.00000e+01   2.69459e+03   4.66570e+01   2.69499e+03   1.73151e-02   3.71003e-04   6.42395e-06   3.71059e-04   1.04891e-01   6.05776e+00   6.05867e+00
            58   3.77917e+01   6.32695e+02   7.94328e+01   2.90568e+00   2.30369e+00   3.62933e-02   5.51979e+00   7.04151e+01   4.00000e+01   2.69725e+03   5.05012e+01   2.69773e+03   1.87232e-02   3.70617e-04   6.93914e-06   3.70682e-04   1.01186e-01   5.40433e+00   5.40528e+00
            59   3.78477e+01   6.41138e+02   8.91251e+01   2.90905e+00   2.30317e+00   3.89060e-02   5.51927e+00   7.04874e+01   4.00000e+01   2.69973e+03   5.10773e+01   2.70021e+03   1.89194e-02   3.70275e-04   7.00540e-06   3.70341e-04   9.12112e-02   4.82103e+00   4.82190e+00
]9[JAL03-01_Freq0.1-100_
